# config: "EMA:1.1.0-APPP,ID:listener02-r,SETUP:KK1,SOUNDDEVICE:USB,SOUNDSTREAM:0,SOUNDCHANNELS:1,2"
target=0.50;discardreversals=2;startvalue=0.00;steps=[4  2  1];
threshold = [-1.75 ];
values = [0.00 2.00 0.00 -5.00 0.00 -1.50 -2.00 -4.50 -2.00 0.50 1.00 -0.50 -2.00 -2.50 -4.00 -3.50 -1.00 -2.50 -2.00 -1.50 ];
reversals = [0 -1 0 1 -1 0 0 1 0 0 -1 0 0 0 1 0 -1 1 0 0 ];
measures = [0 0 0 0 1 1 1 1 1 1 1 1 1 1 1 1 1 1 1 1 ];
presentations = [1 2 3 4 5 6 7 8 9 10 11 12 13 14 15 16 17 18 19 20 ];
answers = [2 3 5 0 4 3 5 0 0 2 4 4 3 4 2 0 4 2 2 2 ];
adjustments = [2 -2 -5 5 -1.5 -0.5 -2.5 2.5 2.5 0.5 -1.5 -1.5 -0.5 -1.5 0.5 2.5 -1.5 0.5 0.5 0.5 ];
sentences = {'69444' '85813' '98162' '33528' '87263' '22586' '77705' '03491' '12339' '06251' '99308' '16140' '68819' '74972' '44697' '50976' '30757' '55025' '41634' '21080' };
offsets = [6180945 1953382 6632110 7612316 2837046 558406 5600528 6431524 7694547 9581877 3905155 8050698 4045015 5576700 673333 3272877 1335690 1180719 6121902 2539882 ];

