# config: "EMA:1.1.0-APPP,ID:listener02-r,SETUP:KK1,SOUNDDEVICE:USB,SOUNDSTREAM:0,SOUNDCHANNELS:1,2"
target=0.50;discardreversals=2;startvalue=0.00;steps=[4  2  1];
threshold = [-1.00 ];
values = [0.00 -10.00 0.00 3.00 0.00 -1.50 -1.00 -2.50 -4.00 -1.50 -1.00 -0.50 -1.00 -0.50 -1.00 0.50 0.00 -0.50 -3.00 -3.50 ];
reversals = [0 1 0 -1 0 1 -1 0 1 0 0 -1 1 -1 1 -1 0 0 0 1 ];
measures = [0 0 0 0 0 1 1 1 1 1 1 1 1 1 1 1 1 1 1 1 ];
presentations = [1 2 3 4 5 6 7 8 9 10 11 12 13 14 15 16 17 18 19 20 ];
answers = [5 0 1 4 4 2 4 4 0 2 2 3 2 3 1 3 3 5 3 0 ];
adjustments = [-10 10 3 -3 -1.5 0.5 -1.5 -1.5 2.5 0.5 0.5 -0.5 0.5 -0.5 1.5 -0.5 -0.5 -2.5 -0.5 2.5 ];
sentences = {'09216' '70762' '23081' '51437' '12339' '47173' '69444' '18348' '06251' '44697' '34994' '92629' '65555' '21080' '33528' '50976' '77705' '86800' '85813' '98162' };
offsets = [3621573 2292793 4217285 7806454 330128 7684824 2940441 3691615 2460823 5633364 2606592 1158222 2857056 3219170 50466 4300227 1099960 819159 5145290 5262411 ];

