# config: "EMA:1.1.0-APPP,ID:listener02-r,SETUP:KK1,SOUNDDEVICE:USB,SOUNDSTREAM:0,SOUNDCHANNELS:1,2"
target=0.50;discardreversals=2;startvalue=0.00;steps=[4  2  1];
threshold = [1.75 ];
values = [0.00 10.00 8.00 5.00 6.00 4.50 2.00 3.50 2.00 0.50 1.00 1.50 1.00 -0.50 -1.00 -0.50 2.00 0.50 -2.00 -4.50 ];
reversals = [0 -1 0 1 -1 0 1 -1 0 1 0 -1 0 0 1 0 -1 0 0 1 ];
measures = [0 0 0 0 1 1 1 1 1 1 1 1 1 1 1 1 1 1 1 1 ];
presentations = [1 2 3 4 5 6 7 8 9 10 11 12 13 14 15 16 17 18 19 20 ];
answers = [0 3 4 2 4 5 1 4 4 2 2 3 4 3 2 0 4 5 5 0 ];
adjustments = [10 -2 -3 1 -1.5 -2.5 1.5 -1.5 -1.5 0.5 0.5 -0.5 -1.5 -0.5 0.5 2.5 -1.5 -2.5 -2.5 2.5 ];
sentences = {'12339' '51195' '89364' '44697' '37886' '50976' '06251' '21080' '44529' '77705' '02737' '33528' '23448' '76600' '15952' '98162' '85813' '69444' '68271' '90013' };
offsets = [5490071 3861185 6516263 2104766 442847 4209030 7860071 7530308 473416 5807201 7842141 61146 6608593 3918596 872058 6570164 5886176 8339938 4602404 4438886 ];

