# config: "EMA:1.1.0-APPP,ID:listener02-r,SETUP:KK1,SOUNDDEVICE:USB,SOUNDSTREAM:0,SOUNDCHANNELS:1,2"
target=0.50;discardreversals=2;startvalue=0.00;steps=[4  2  1];
threshold = [16.25 ];
values = [0.00 10.00 20.00 10.00 15.00 16.50 18.00 16.50 15.00 16.50 16.00 17.50 20.00 17.50 16.00 15.50 18.00 17.50 15.00 14.50 ];
reversals = [0 0 -1 1 0 0 -1 0 1 -1 1 0 -1 0 0 1 -1 0 0 1 ];
measures = [0 0 0 0 0 0 1 1 1 1 1 1 1 1 1 1 1 1 1 1 ];
presentations = [1 2 3 4 5 6 7 8 9 10 11 12 13 14 15 16 17 18 19 20 ];
answers = [0 0 5 0 1 1 4 4 1 3 1 0 5 4 3 0 3 5 3 2 ];
adjustments = [10 10 -10 5 1.5 1.5 -1.5 -1.5 1.5 -0.5 1.5 2.5 -2.5 -1.5 -0.5 2.5 -0.5 -2.5 -0.5 0.5 ];
sentences = {'48832' '03676' '14040' '85813' '52988' '98162' '12339' '77705' '33528' '35209' '91451' '50976' '70565' '69444' '21080' '29394' '87713' '44697' '06251' '66127' };
offsets = [5394466 2384988 6946206 5970993 560125 1360253 634022 5019318 158378 2889486 7177463 1260758 506656 52830 6687380 1107359 4272994 3527425 5532711 6921895 ];

