# config: "EMA:1.1.0-APPP,ID:listener02-r,SETUP:KK1,SOUNDDEVICE:USB,SOUNDSTREAM:0,SOUNDCHANNELS:1,2"
target=0.50;discardreversals=2;startvalue=0.00;steps=[4  2  1];
threshold = [-14.50 ];
values = [0.00 -2.00 -12.00 -6.00 -11.00 -13.50 -14.00 -13.50 -14.00 -14.50 -14.00 -16.50 -16.00 -14.50 -17.00 -14.50 -15.00 -14.50 -14.00 -15.50 ];
reversals = [0 0 1 -1 0 0 1 -1 0 1 -1 1 0 -1 1 -1 1 0 -1 1 ];
measures = [0 0 0 0 0 0 1 1 1 1 1 1 1 1 1 1 1 1 1 1 ];
presentations = [1 2 3 4 5 6 7 8 9 10 11 12 13 14 15 16 17 18 19 20 ];
answers = [3 5 1 5 5 3 2 3 3 2 5 2 1 5 0 3 2 2 4 1 ];
adjustments = [-2 -10 6 -5 -2.5 -0.5 0.5 -0.5 -0.5 0.5 -2.5 0.5 1.5 -2.5 2.5 -0.5 0.5 0.5 -1.5 1.5 ];
sentences = {'41634' '77974' '31601' '59026' '66553' '24318' '15149' '99308' '03262' '68819' '55025' '82487' '30757' '87263' '03491' '74972' '22586' '48835' '16140' '90790' };
offsets = [6169410 3299081 6605841 1876546 2306200 5541279 5401641 4951442 2107400 4139596 7141720 4006059 4645328 3903618 5218554 4751694 2768111 6147134 6376056 6932793 ];

