# config: "EMA:1.1.0-APPP,ID:listener02-r,SETUP:KK1,SOUNDDEVICE:USB,SOUNDSTREAM:0,SOUNDCHANNELS:1,2"
target=0.50;discardreversals=2;startvalue=0.00;steps=[4  2  1];
threshold = [-8.00 ];
values = [0.00 -10.00 -12.00 -2.00 -7.00 -8.50 -6.00 -6.50 -8.00 -6.50 -9.00 -7.50 -8.00 -7.50 -7.00 -7.50 -9.00 -6.50 -8.00 -6.50 ];
reversals = [0 0 1 -1 0 1 -1 0 1 -1 1 -1 1 0 -1 0 1 -1 1 0 ];
measures = [0 0 0 0 0 1 1 1 1 1 1 1 1 1 1 1 1 1 1 1 ];
presentations = [1 2 3 4 5 6 7 8 9 10 11 12 13 14 15 16 17 18 19 20 ];
answers = [5 3 0 5 4 0 3 4 1 5 1 3 2 2 3 4 0 4 1 1 ];
adjustments = [-10 -2 10 -5 -1.5 2.5 -0.5 -1.5 1.5 -2.5 1.5 -0.5 0.5 0.5 -0.5 -1.5 2.5 -1.5 1.5 1.5 ];
sentences = {'87263' '18314' '24621' '68819' '47048' '33980' '74972' '03491' '61793' '76802' '22586' '89135' '99308' '41634' '00456' '55025' '52277' '16140' '95569' '30757' };
offsets = [7127020 438738 702578 1727242 960537 3279142 3345100 4379479 7041480 3221230 8328708 6461127 4598025 3558170 8206742 2178788 3463576 5812792 4384400 8998294 ];

