# config: "EMA:1.1.0-APPP,ID:listener02-r,SETUP:KK1,SOUNDDEVICE:USB,SOUNDSTREAM:0,SOUNDCHANNELS:1,2"
target=0.50;discardreversals=2;startvalue=0.00;steps=[4  2  1];
threshold = [16.50 ];
values = [0.00 10.00 20.00 14.00 17.00 15.50 17.00 18.50 21.00 21.50 19.00 16.50 19.00 17.50 16.00 17.50 17.00 16.50 14.00 15.50 ];
reversals = [0 0 -1 1 -1 1 0 0 0 -1 0 1 -1 0 1 -1 0 0 1 -1 ];
measures = [0 0 0 0 1 1 1 1 1 1 1 1 1 1 1 1 1 1 1 1 ];
presentations = [1 2 3 4 5 6 7 8 9 10 11 12 13 14 15 16 17 18 19 20 ];
answers = [0 0 4 1 4 1 1 0 2 5 5 0 4 4 1 3 3 5 1 4 ];
adjustments = [10 10 -6 3 -1.5 1.5 1.5 2.5 0.5 -2.5 -2.5 2.5 -1.5 -1.5 1.5 -0.5 -0.5 -2.5 1.5 -1.5 ];
sentences = {'44697' '18502' '85813' '69444' '72141' '51779' '05413' '94067' '33528' '77705' '06251' '39994' '80338' '21080' '98162' '67850' '50976' '26626' '43285' '12339' };
offsets = [6002926 2544280 176591 6899153 6880897 2358982 1353965 2659129 1331060 4436482 6968465 7649903 6298636 8377070 6717257 2123627 5133983 782358 6688703 1322710 ];

