# config: "EMA:1.1.0-APPP,ID:listener02-r,SETUP:KK1,SOUNDDEVICE:USB,SOUNDSTREAM:0,SOUNDCHANNELS:1,2"
target=0.50;discardreversals=2;startvalue=0.00;steps=[4  2  1];
threshold = [-6.00 ];
values = [0.00 -6.00 -8.00 -6.00 -3.00 -6.00 -3.50 -1.00 -1.50 -3.00 -4.50 -6.00 -8.50 -6.00 -6.50 -7.00 -5.50 -7.00 -9.50 -8.00 ];
reversals = [0 0 1 0 -1 1 0 -1 0 0 0 0 1 -1 0 1 -1 0 1 0 ];
measures = [0 0 0 0 0 1 1 1 1 1 1 1 1 1 1 1 1 1 1 1 ];
presentations = [1 2 3 4 5 6 7 8 9 10 11 12 13 14 15 16 17 18 19 20 ];
answers = [4 3 2 1 4 0 0 3 4 4 4 5 0 3 3 1 4 5 1 1 ];
adjustments = [-6 -2 2 3 -3 2.5 2.5 -0.5 -1.5 -1.5 -1.5 -2.5 2.5 -0.5 -0.5 1.5 -1.5 -2.5 1.5 1.5 ];
sentences = {'48832' '70565' '65555' '51437' '66127' '03676' '91451' '18348' '70762' '87713' '47173' '14040' '92629' '52988' '23081' '34994' '09216' '86800' '35209' '29394' };
offsets = [3376756 3411615 7138105 8085612 2212943 3867734 8090419 6879940 83616 6528482 173904 7127381 2526476 8182511 4314025 1647597 4158869 2680353 4190802 295532 ];

