# config: "EMA:1.1.0-APPP,ID:listener02-r,SETUP:KK1,SOUNDDEVICE:USB,SOUNDSTREAM:0,SOUNDCHANNELS:1,2"
target=0.50;discardreversals=2;startvalue=0.00;steps=[4  2  1];
threshold = [18.25 ];
values = [0.00 10.00 20.00 18.00 19.00 19.50 19.00 19.50 17.00 19.50 18.00 19.50 17.00 18.50 18.00 15.50 18.00 17.50 15.00 17.50 ];
reversals = [0 0 -1 1 0 -1 1 -1 1 -1 1 -1 1 -1 0 1 -1 0 1 0 ];
measures = [0 0 0 0 0 1 1 1 1 1 1 1 1 1 1 1 1 1 1 1 ];
presentations = [1 2 3 4 5 6 7 8 9 10 11 12 13 14 15 16 17 18 19 20 ];
answers = [0 0 3 2 2 3 2 5 0 4 1 5 1 3 5 0 3 5 0 1 ];
adjustments = [10 10 -2 1 0.5 -0.5 0.5 -2.5 2.5 -1.5 1.5 -2.5 1.5 -0.5 -2.5 2.5 -0.5 -2.5 2.5 1.5 ];
sentences = {'51195' '87713' '48832' '23448' '89364' '14040' '44529' '68271' '29394' '02737' '15952' '90013' '03676' '66127' '70565' '37886' '35209' '76600' '91451' '52988' };
offsets = [105563 6193431 2460751 8420828 7326149 7734690 8895665 7817838 2262707 3207036 5942919 5408016 7071838 7703615 1282151 6209656 3584242 4196506 355479 9186035 ];

