# config: "EMA:1.1.0-APPP,ID:listener02-r,SETUP:KK1,SOUNDDEVICE:USB,SOUNDSTREAM:0,SOUNDCHANNELS:1,2"
target=0.50;discardreversals=2;startvalue=0.00;steps=[4  2  1];
threshold = [2.50 ];
values = [0.00 6.00 4.00 5.00 3.50 6.00 4.50 2.00 0.50 3.00 2.50 2.00 0.50 3.00 0.50 0.00 2.50 1.00 0.50 1.00 ];
reversals = [0 -1 1 -1 1 -1 0 0 1 -1 0 0 1 -1 0 1 -1 0 1 -1 ];
measures = [0 0 0 1 1 1 1 1 1 1 1 1 1 1 1 1 1 1 1 1 ];
presentations = [1 2 3 4 5 6 7 8 9 10 11 12 13 14 15 16 17 18 19 20 ];
answers = [1 3 2 4 0 4 5 4 0 3 3 4 0 5 3 0 4 3 2 4 ];
adjustments = [6 -2 1 -1.5 2.5 -1.5 -2.5 -1.5 2.5 -0.5 -0.5 -1.5 2.5 -2.5 -0.5 2.5 -1.5 -0.5 0.5 -1.5 ];
sentences = {'35209' '43285' '29394' '87713' '39994' '80338' '70565' '05413' '66127' '51779' '26626' '67850' '18502' '03676' '72141' '91451' '14040' '48832' '94067' '52988' };
offsets = [967965 51830 8225961 5155997 3114960 8560190 6437997 5574665 4541206 3251695 2082894 6092503 7872177 4544907 4419128 1530460 7172526 5377641 6882922 2160745 ];

