# config: "EMA:1.1.0-APPP,ID:listener02-r,SETUP:KK1,SOUNDDEVICE:USB,SOUNDSTREAM:0,SOUNDCHANNELS:1,2"
target=0.50;discardreversals=2;startvalue=0.00;steps=[4  2  1];
threshold = [-15.50 ];
values = [0.00 -6.00 -16.00 -22.00 -12.00 -17.00 -16.50 -16.00 -15.50 -15.00 -15.50 -18.00 -19.50 -18.00 -16.50 -16.00 -13.50 -14.00 -15.50 -15.00 ];
reversals = [0 0 0 1 -1 1 0 0 0 -1 0 0 1 0 0 0 -1 0 1 0 ];
measures = [0 0 0 0 0 1 1 1 1 1 1 1 1 1 1 1 1 1 1 1 ];
presentations = [1 2 3 4 5 6 7 8 9 10 11 12 13 14 15 16 17 18 19 20 ];
answers = [4 5 4 0 5 2 2 2 2 3 5 4 1 1 2 0 3 4 2 2 ];
adjustments = [-6 -10 -6 10 -5 0.5 0.5 0.5 0.5 -0.5 -2.5 -1.5 1.5 1.5 0.5 2.5 -0.5 -1.5 0.5 0.5 ];
sentences = {'47173' '95569' '70762' '18348' '65555' '52277' '24621' '18314' '33980' '61793' '86800' '92629' '51437' '47048' '34994' '00456' '09216' '23081' '76802' '89135' };
offsets = [6136706 1929090 4359851 7278061 7201994 641698 1139087 6893882 6397434 1014856 1812329 4174940 5138187 2252693 6401832 611845 6726338 3461151 3491435 3539022 ];

