# config: "EMA:1.1.0-APPP,ID:listener02-r,SETUP:KK1,SOUNDDEVICE:USB,SOUNDSTREAM:0,SOUNDCHANNELS:1,2"
target=0.50;discardreversals=2;startvalue=0.00;steps=[4  2  1];
threshold = [-9.00 ];
values = [0.00 -2.00 -8.00 -6.00 -9.00 -7.50 -9.00 -8.50 -9.00 -8.50 -11.00 -9.50 -7.00 -8.50 -9.00 -8.50 -11.00 -8.50 -8.00 -10.50 ];
reversals = [0 0 1 -1 1 -1 1 -1 1 -1 1 0 -1 0 1 -1 1 0 -1 1 ];
measures = [0 0 0 0 1 1 1 1 1 1 1 1 1 1 1 1 1 1 1 1 ];
presentations = [1 2 3 4 5 6 7 8 9 10 11 12 13 14 15 16 17 18 19 20 ];
answers = [3 4 2 4 1 4 2 3 2 5 1 0 4 3 2 5 0 2 5 1 ];
adjustments = [-2 -6 2 -3 1.5 -1.5 0.5 -0.5 0.5 -2.5 1.5 2.5 -1.5 -0.5 0.5 -2.5 2.5 0.5 -2.5 1.5 ];
sentences = {'45923' '05413' '69009' '80338' '43285' '22336' '08168' '39994' '93692' '72141' '67850' '51779' '26626' '94067' '70287' '87470' '18502' '54841' '36514' '11755' };
offsets = [7032351 4722207 1165275 2698022 5076275 4654180 5559609 3367348 1009331 7263464 6241751 4715554 6706788 3989868 2203677 1791108 5877371 1072373 6951294 6545844 ];

