# config: "EMA:1.1.0-APPP,ID:listener02-r,SETUP:KK1,SOUNDDEVICE:USB,SOUNDSTREAM:0,SOUNDCHANNELS:1,2"
target=0.50;discardreversals=2;startvalue=0.00;steps=[4  2  1];
threshold = [18.00 ];
values = [0.00 10.00 20.00 14.00 19.00 17.50 15.00 13.50 16.00 17.50 20.00 18.50 18.00 17.50 18.00 17.50 17.00 18.50 18.00 20.50 ];
reversals = [0 0 -1 1 -1 0 0 1 0 0 -1 0 0 1 -1 0 1 -1 1 -1 ];
measures = [0 0 0 0 1 1 1 1 1 1 1 1 1 1 1 1 1 1 1 1 ];
presentations = [1 2 3 4 5 6 7 8 9 10 11 12 13 14 15 16 17 18 19 20 ];
answers = [0 0 4 0 4 5 4 0 1 0 4 3 3 2 3 3 1 3 0 5 ];
adjustments = [10 10 -6 5 -1.5 -2.5 -1.5 2.5 1.5 2.5 -1.5 -0.5 -0.5 0.5 -0.5 -0.5 1.5 -0.5 2.5 -2.5 ];
sentences = {'82487' '03262' '77974' '95162' '82009' '10681' '07970' '29744' '24318' '34226' '63558' '31601' '46393' '90790' '48835' '78835' '59026' '66553' '51417' '15149' };
offsets = [1001259 4935461 243367 3733248 7373561 6739719 6080880 3180975 4834773 8146897 3210886 7407486 4929964 254472 2479653 3558352 5143619 5082840 2700086 3130750 ];

