# config: "EMA:1.1.0-APPP,ID:listener02-r,SETUP:KK1,SOUNDDEVICE:USB,SOUNDSTREAM:0,SOUNDCHANNELS:1,2"
target=0.50;discardreversals=2;startvalue=0.00;steps=[4  2  1];
threshold = [2.00 ];
values = [0.00 2.00 4.00 6.00 4.00 1.00 2.00 1.50 0.00 -0.50 2.00 1.50 0.00 -0.50 -1.00 -0.50 0.00 1.50 2.00 4.50 ];
reversals = [0 0 0 -1 0 1 -1 0 0 1 -1 0 0 0 1 0 0 0 0 -1 ];
measures = [0 0 0 0 0 0 1 1 1 1 1 1 1 1 1 1 1 1 1 1 ];
presentations = [1 2 3 4 5 6 7 8 9 10 11 12 13 14 15 16 17 18 19 20 ];
answers = [2 2 2 3 4 2 3 4 3 0 3 4 3 3 2 2 1 2 0 4 ];
adjustments = [2 2 2 -2 -3 1 -0.5 -1.5 -0.5 2.5 -0.5 -1.5 -0.5 -0.5 0.5 0.5 1.5 0.5 2.5 -1.5 ];
sentences = {'37886' '51195' '10681' '63558' '82009' '51417' '29744' '46393' '76600' '34226' '07970' '44529' '68271' '23448' '90013' '02737' '15952' '89364' '95162' '78835' };
offsets = [8295825 2091444 2761809 5931940 4930925 1847180 3756499 3623543 1669763 820497 3023462 6617410 2480497 60375 550239 3321562 2872683 6225095 5696190 1635856 ];

