# config: "EMA:1.1.0-APPP,ID:listener02-r,SETUP:KK1,SOUNDDEVICE:USB,SOUNDSTREAM:0,SOUNDCHANNELS:1,2"
target=0.50;discardreversals=2;startvalue=0.00;steps=[4  2  1];
threshold = [16.00 ];
values = [0.00 10.00 20.00 10.00 15.00 16.50 16.00 16.50 14.00 14.50 15.00 13.50 14.00 15.50 17.00 14.50 17.00 14.50 16.00 16.50 ];
reversals = [0 0 -1 1 0 -1 1 -1 1 0 -1 1 0 0 -1 1 -1 1 0 -1 ];
measures = [0 0 0 0 0 1 1 1 1 1 1 1 1 1 1 1 1 1 1 1 ];
presentations = [1 2 3 4 5 6 7 8 9 10 11 12 13 14 15 16 17 18 19 20 ];
answers = [0 0 5 0 1 3 2 5 2 2 4 2 1 1 5 0 5 1 2 5 ];
adjustments = [10 10 -10 5 1.5 -0.5 0.5 -2.5 0.5 0.5 -1.5 0.5 1.5 1.5 -2.5 2.5 -2.5 1.5 0.5 -2.5 ];
sentences = {'39994' '43285' '10681' '26626' '05413' '51417' '94067' '82009' '63558' '67850' '07970' '80338' '78835' '29744' '72141' '34226' '18502' '51779' '46393' '95162' };
offsets = [5976710 4565643 1926054 504631 4309351 6994204 919605 2045214 4959195 1622962 3023702 5558503 1408562 3684059 1230149 2868469 3923722 6693992 7680368 3797328 ];

