# config: "EMA:1.1.0-APPP,ID:listener02-r,SETUP:KK1,SOUNDDEVICE:USB,SOUNDSTREAM:0,SOUNDCHANNELS:1,2"
target=0.75;minreversals=14;discardreversals=4;minmeasures=25;startvalue=20.00;steps=[4  4  2  1];
threshold = [17.50 ];
values = [20.00 16.00 12.00 24.00 24.00 20.00 20.00 18.00 16.00 14.00 12.00 12.00 12.00 18.00 17.00 17.00 16.00 16.00 16.00 16.00 15.00 15.00 14.00 14.00 17.00 20.00 19.00 19.00 18.00 18.00 17.00 17.00 17.00 17.00 16.00 15.00 15.00 18.00 17.00 17.00 17.00 17.00 17.00 16.00 16.00 16.00 19.00 18.00 18.00 17.00 17.00 16.00 19.00 19.00 19.00 18.00 18.00 18.00 17.00 17.00 17.00 17.00 17.00 17.00 16.00 19.00 19.00 19.00 19.00 19.00 18.00 18.00 17.00 17.00 17.00 17.00 17.00 17.00 17.00 20.00 20.00 19.00 19.00 18.00 ];
reversals = [0 0 1 0 -1 0 0 0 0 0 0 0 1 -1 0 0 0 0 0 0 0 0 0 1 0 -1 0 0 0 0 0 0 0 0 0 0 1 -1 0 0 0 0 0 0 0 1 -1 0 0 0 0 1 0 0 -1 0 0 0 0 0 0 0 0 0 1 0 0 0 0 -1 0 0 0 0 0 0 0 0 1 0 -1 0 0 0 ];
measures = [0 0 0 0 0 0 0 0 0 0 0 0 0 0 0 0 0 0 0 0 0 0 0 1 1 1 1 1 1 1 1 1 1 1 1 1 1 1 1 1 1 1 1 1 1 1 1 1 1 1 1 1 1 1 1 1 1 1 1 1 1 1 1 1 1 1 1 1 1 1 1 1 1 1 1 1 1 1 1 1 1 1 1 1 ];
presentations = [1 1 1 0 1 0 1 1 1 1 0 0 1 1 0 1 0 0 0 1 0 1 0 1 1 1 0 1 0 1 0 0 0 1 1 0 1 1 0 0 0 0 1 0 0 1 1 0 1 0 1 1 0 0 1 0 0 1 0 0 0 0 0 1 1 0 0 0 0 1 0 1 0 0 0 0 0 0 1 0 1 0 1 1 ];
answers = [1 1 0 0 1 0 1 1 1 1 0 0 0 1 0 1 0 0 0 1 0 1 0 0 0 1 0 1 0 1 0 0 0 1 1 0 0 1 0 0 0 0 1 0 0 0 1 0 1 0 1 0 0 0 1 0 0 1 0 0 0 0 0 1 0 0 0 0 0 1 0 1 0 0 0 0 0 0 0 0 1 0 1 1 ];
adjustments = [-4 -4 12 0 -4 0 -2 -2 -2 -2 0 0 6 -1 0 -1 0 0 0 -1 0 -1 0 3 3 -1 0 -1 0 -1 0 0 0 -1 -1 0 3 -1 0 0 0 0 -1 0 0 3 -1 0 -1 0 -1 3 0 0 -1 0 0 -1 0 0 0 0 0 -1 3 0 0 0 0 -1 0 -1 0 0 0 0 0 0 3 0 -1 0 -1 -1 ];
offsets = [4523443 2272555 2788763 224144 1384509 3459014 4939710 863432 637713 2954414 2672072 3593931 4031429 2872938 1759777 4940692 953250 2432679 4086531 2479186 2170987 2776104 1470380 1603512 588294 1913128 4862480 715031 1623038 3711333 1063360 4141865 14128 3617194 5187903 3168674 2929768 4708431 3673820 4225698 3823808 2101043 2341243 2963105 2756287 1966718 3487692 5002263 3423184 4203418 3764027 4316774 4698426 4564224 2571964 163294 2239426 693172 5120610 2701307 2219391 2642046 3575322 3524182 4464686 4870126 2749619 1778114 1645038 1737325 926224 3551006 1217430 1879289 3172206 3291908 1211787 2684202 3261113 2069156 343693 949518 1050007 4481914 ];

