# config: "EMA:1.1.0-APPP,ID:listener02-r,SETUP:KK1,SOUNDDEVICE:USB,SOUNDSTREAM:0,SOUNDCHANNELS:1,2"
target=0.75;minreversals=14;discardreversals=4;minmeasures=25;startvalue=20.00;steps=[4  4  2  1];
threshold = [9.50 ];
values = [20.00 16.00 12.00 8.00 8.00 4.00 0.00 12.00 8.00 8.00 14.00 14.00 13.00 12.00 11.00 10.00 9.00 9.00 8.00 11.00 10.00 9.00 8.00 7.00 10.00 9.00 9.00 9.00 9.00 9.00 9.00 12.00 12.00 11.00 11.00 10.00 9.00 9.00 8.00 8.00 11.00 11.00 11.00 11.00 10.00 9.00 8.00 7.00 7.00 10.00 10.00 9.00 8.00 8.00 8.00 8.00 7.00 7.00 6.00 9.00 9.00 9.00 9.00 12.00 ];
reversals = [0 0 0 0 0 0 1 -1 0 1 0 -1 0 0 0 0 0 0 1 -1 0 0 0 1 -1 0 0 0 0 0 1 0 -1 0 0 0 0 0 0 1 0 0 0 -1 0 0 0 0 1 0 -1 0 0 0 0 0 0 0 1 0 0 0 0 -1 ];
measures = [0 0 0 0 0 0 0 0 0 0 0 0 0 0 0 0 0 0 1 1 1 1 1 1 1 1 1 1 1 1 1 1 1 1 1 1 1 1 1 1 1 1 1 1 1 1 1 1 1 1 1 1 1 1 1 1 1 1 1 1 1 1 1 1 ];
presentations = [1 1 1 0 1 1 1 1 0 1 0 1 1 1 1 1 0 1 1 1 1 1 1 1 1 0 0 0 0 0 1 0 1 0 1 1 0 1 0 1 0 0 0 1 1 1 1 0 1 0 1 1 0 0 0 1 0 1 1 0 0 0 1 1 ];
answers = [1 1 1 0 1 1 0 1 0 0 0 1 1 1 1 1 0 1 0 1 1 1 1 0 1 0 0 0 0 0 0 0 1 0 1 1 0 1 0 0 0 0 0 1 1 1 1 0 0 0 1 1 0 0 0 1 0 1 0 0 0 0 0 1 ];
adjustments = [-4 -4 -4 0 -4 -4 12 -4 0 6 0 -1 -1 -1 -1 -1 0 -1 3 -1 -1 -1 -1 3 -1 0 0 0 0 0 3 0 -1 0 -1 -1 0 -1 0 3 0 0 0 -1 -1 -1 -1 0 3 0 -1 -1 0 0 0 -1 0 -1 3 0 0 0 3 -1 ];
offsets = [1613376 1434280 1045653 1902083 281374 2192203 1775133 5253613 5000324 5200534 3596242 885795 1175971 1550263 3745025 2130517 3116907 2374533 3726695 4538676 3676303 4929553 4681938 732033 2419637 3424940 2604686 1383518 1164195 3090914 1770401 4418635 4701968 2590904 211001 4115482 2599070 870184 1002235 1961273 5122984 1427796 708923 4765620 358131 3130038 4855180 972942 3134341 3898550 3717753 1162660 4800216 4176938 4952176 3017018 117793 3239957 2745881 3137510 2338912 220225 2729068 44904 ];

