# config: "EMA:1.1.0-APPP,ID:listener02-r,SETUP:KK1,SOUNDDEVICE:USB,SOUNDSTREAM:0,SOUNDCHANNELS:1,2"
target=0.75;minreversals=14;discardreversals=4;minmeasures=25;startvalue=20.00;steps=[4  4  2  1];
threshold = [12.50 ];
values = [20.00 16.00 12.00 24.00 20.00 20.00 18.00 18.00 16.00 16.00 14.00 12.00 12.00 10.00 16.00 15.00 15.00 14.00 13.00 13.00 13.00 13.00 16.00 16.00 15.00 14.00 13.00 13.00 13.00 13.00 12.00 12.00 11.00 10.00 10.00 13.00 12.00 12.00 12.00 11.00 10.00 10.00 10.00 10.00 13.00 12.00 11.00 10.00 10.00 9.00 12.00 12.00 11.00 11.00 10.00 9.00 12.00 16.00 15.00 14.00 13.00 ];
reversals = [0 0 1 -1 0 0 0 0 0 0 0 0 0 1 -1 0 0 0 0 0 0 1 0 -1 0 0 0 0 0 0 0 0 0 0 1 -1 0 0 0 0 0 0 0 1 -1 0 0 0 0 1 0 -1 0 0 0 1 0 -1 0 0 0 ];
measures = [0 0 0 0 0 0 0 0 0 0 0 0 0 0 0 0 0 0 0 0 0 1 1 1 1 1 1 1 1 1 1 1 1 1 1 1 1 1 1 1 1 1 1 1 1 1 1 1 1 1 1 1 1 1 1 1 1 1 1 1 1 ];
presentations = [1 1 1 1 0 1 0 1 0 1 1 0 1 1 1 0 1 1 0 0 0 1 0 1 1 1 0 0 0 1 0 1 1 0 1 1 0 0 1 1 0 0 0 1 1 1 1 0 1 1 0 1 0 1 1 1 0 1 1 1 1 ];
answers = [1 1 0 1 0 1 0 1 0 1 1 0 1 0 1 0 1 1 0 0 0 0 0 1 1 1 0 0 0 1 0 1 1 0 0 1 0 0 1 1 0 0 0 0 1 1 1 0 1 0 0 1 0 1 1 0 1 1 1 1 1 ];
adjustments = [-4 -4 12 -4 0 -2 0 -2 0 -2 -2 0 -2 6 -1 0 -1 -1 0 0 0 3 0 -1 -1 -1 0 0 0 -1 0 -1 -1 0 3 -1 0 0 -1 -1 0 0 0 3 -1 -1 -1 0 -1 3 0 -1 0 -1 -1 3 4 -1 -1 -1 -1 ];
offsets = [620735 2571446 4163367 3940496 1896031 946541 2661156 3984995 5167155 861848 2928607 2212800 2379986 1698142 4367186 833209 5012869 3338621 3468253 3957662 5069793 4864416 978285 3706455 2113238 5240167 3998663 2972837 1396042 912245 1182505 2563571 4471569 1802652 1019549 3657361 3305374 3905791 1143167 219171 1482027 3746057 3763758 1463819 1731928 2483001 670788 3489260 2059493 183185 2015568 3392521 5208023 2680248 3363045 3552777 393689 1931781 3413466 3030285 3674631 ];

