# config: "EMA:1.1.0-APPP,ID:listener02-r,SETUP:KK1,SOUNDDEVICE:USB,SOUNDSTREAM:0,SOUNDCHANNELS:1,2"
target=0.75;minreversals=14;discardreversals=4;minmeasures=25;startvalue=20.00;steps=[4  4  2  1];
threshold = [11.50 ];
values = [20.00 16.00 12.00 8.00 20.00 20.00 16.00 16.00 14.00 12.00 12.00 10.00 8.00 8.00 8.00 14.00 14.00 13.00 12.00 11.00 14.00 14.00 14.00 14.00 14.00 13.00 12.00 12.00 11.00 14.00 14.00 13.00 13.00 12.00 12.00 11.00 11.00 14.00 14.00 13.00 13.00 13.00 12.00 11.00 11.00 14.00 13.00 13.00 13.00 12.00 11.00 14.00 13.00 12.00 12.00 11.00 10.00 9.00 12.00 12.00 12.00 12.00 11.00 ];
reversals = [0 0 0 1 0 -1 0 0 0 0 0 0 0 0 1 0 -1 0 0 1 0 0 0 0 -1 0 0 0 1 0 -1 0 0 0 0 0 1 0 -1 0 0 0 0 0 1 -1 0 0 0 0 1 -1 0 0 0 0 0 1 0 0 0 -1 0 ];
measures = [0 0 0 0 0 0 0 0 0 0 0 0 0 0 0 0 0 0 0 1 1 1 1 1 1 1 1 1 1 1 1 1 1 1 1 1 1 1 1 1 1 1 1 1 1 1 1 1 1 1 1 1 1 1 1 1 1 1 1 1 1 1 1 ];
presentations = [1 1 1 1 0 1 0 1 1 0 1 1 0 0 1 0 1 1 1 1 0 0 0 0 1 1 0 1 1 0 1 0 1 0 1 0 1 0 1 0 0 1 1 0 1 1 0 0 1 1 1 1 1 0 1 1 1 1 0 0 0 1 1 ];
answers = [1 1 1 0 0 1 0 1 1 0 1 1 0 0 0 0 1 1 1 0 0 0 0 0 1 1 0 1 0 0 1 0 1 0 1 0 0 0 1 0 0 1 1 0 0 1 0 0 1 1 0 1 1 0 1 1 1 0 0 0 0 1 1 ];
adjustments = [-4 -4 -4 12 0 -4 0 -2 -2 0 -2 -2 0 0 6 0 -1 -1 -1 3 0 0 0 0 -1 -1 0 -1 3 0 -1 0 -1 0 -1 0 3 0 -1 0 0 -1 -1 0 3 -1 0 0 -1 -1 3 -1 -1 0 -1 -1 -1 3 0 0 0 -1 -1 ];
offsets = [2146786 3850533 3909984 644949 106770 1507018 3116504 4268985 4727601 4049187 3766775 572583 3948929 1441967 1553970 4898636 4154354 2147326 4135732 3484366 2823913 3576109 2860218 1097705 739873 3177866 5080076 2449606 550196 393576 5178722 3407414 369429 2364713 2377630 2122452 2623042 1123595 3285146 621878 3888051 2518783 3350973 2660238 1276188 1167726 3998801 526236 942124 1973528 4822020 5149586 983104 4159008 3076817 1690949 729439 1972202 3209181 1425521 5200068 3854141 1350948 ];

