# config: "EMA:1.1.0-APPP,ID:listener02-r,SETUP:KK1,SOUNDDEVICE:USB,SOUNDSTREAM:0,SOUNDCHANNELS:1,2"
target=0.75;minreversals=14;discardreversals=4;minmeasures=25;startvalue=20.00;steps=[4  4  2  1];
threshold = [21.00 ];
values = [20.00 32.00 28.00 24.00 20.00 20.00 32.00 32.00 30.00 29.00 28.00 27.00 27.00 27.00 26.00 26.00 26.00 25.00 24.00 24.00 23.00 23.00 23.00 22.00 21.00 20.00 20.00 23.00 23.00 22.00 21.00 21.00 21.00 21.00 20.00 19.00 18.00 18.00 21.00 20.00 19.00 19.00 22.00 21.00 21.00 20.00 20.00 20.00 20.00 23.00 23.00 22.00 21.00 21.00 20.00 19.00 19.00 22.00 22.00 22.00 22.00 22.00 22.00 21.00 24.00 23.00 22.00 21.00 21.00 21.00 21.00 24.00 24.00 24.00 24.00 23.00 23.00 ];
reversals = [0 -1 0 0 0 1 0 -1 0 0 0 0 0 0 0 0 0 0 0 0 0 0 0 0 0 0 1 0 -1 0 0 0 0 0 0 0 0 1 -1 0 0 1 -1 0 0 0 0 0 1 0 -1 0 0 0 0 0 1 0 0 0 0 0 -1 1 -1 0 0 0 0 0 1 0 0 0 -1 0 0 ];
measures = [0 0 0 0 0 0 0 0 0 0 0 0 0 0 0 0 0 0 0 0 0 0 0 0 0 0 0 0 1 1 1 1 1 1 1 1 1 1 1 1 1 1 1 1 1 1 1 1 1 1 1 1 1 1 1 1 1 1 1 1 1 1 1 1 1 1 1 1 1 1 1 1 1 1 1 1 1 ];
presentations = [1 1 1 1 0 1 0 1 1 1 1 0 0 1 0 0 1 1 0 1 0 0 1 1 1 0 1 0 1 1 0 0 0 1 1 1 0 1 1 1 0 1 1 0 1 0 0 0 1 0 1 1 0 1 1 0 1 0 0 0 0 0 1 1 1 1 1 0 0 0 1 0 0 0 1 0 1 ];
answers = [0 1 1 1 0 0 0 1 1 1 1 0 0 1 0 0 1 1 0 1 0 0 1 1 1 0 0 0 1 1 0 0 0 1 1 1 0 0 1 1 0 0 1 0 1 0 0 0 0 0 1 1 0 1 1 0 0 0 0 0 0 0 1 0 1 1 1 0 0 0 0 0 0 0 1 0 1 ];
adjustments = [12 -4 -4 -4 0 12 0 -2 -1 -1 -1 0 0 -1 0 0 -1 -1 0 -1 0 0 -1 -1 -1 0 3 0 -1 -1 0 0 0 -1 -1 -1 0 3 -1 -1 0 3 -1 0 -1 0 0 0 3 0 -1 -1 0 -1 -1 0 3 0 0 0 0 0 -1 3 -1 -1 -1 0 0 0 3 0 0 0 -1 0 -1 ];
offsets = [1492861 2197588 574424 4203995 5134706 3580770 3106663 5065374 1287043 4848134 3292992 2817874 2591616 4898127 2863856 525125 1844369 1800133 2405994 3093850 1862556 4368650 657004 449159 2828822 3544978 2678486 170489 1373976 3358929 3060939 3151668 5258351 1769698 605202 964299 4741394 2323905 3694555 2238434 673019 1010060 2219098 3465313 2924003 1255336 838767 4928563 1264101 4808971 2000738 455611 66179 33400 1235780 4522070 262387 2031998 830294 1070584 277951 3674211 94876 2623315 2483128 5232463 843567 503036 5127729 1003986 1072032 1936692 4381332 1092333 4596882 1575759 2011855 ];

