# config: "EMA:1.1.0-APPP,ID:listener13-l,SETUP:KK1,SOUNDDEVICE:USB,SOUNDSTREAM:0,SOUNDCHANNELS:1,2"
target=0.75;minreversals=14;discardreversals=4;minmeasures=25;startvalue=20.00;steps=[4  4  2  1];
threshold = [25.00 ];
values = [20.00 32.00 28.00 24.00 20.00 20.00 20.00 20.00 32.00 30.00 30.00 29.00 29.00 29.00 29.00 29.00 29.00 29.00 29.00 28.00 28.00 28.00 27.00 26.00 25.00 24.00 23.00 26.00 25.00 25.00 28.00 28.00 28.00 28.00 27.00 27.00 26.00 26.00 25.00 25.00 24.00 24.00 24.00 23.00 22.00 22.00 22.00 25.00 25.00 25.00 25.00 25.00 25.00 25.00 24.00 24.00 24.00 23.00 23.00 23.00 23.00 26.00 26.00 25.00 25.00 25.00 25.00 25.00 24.00 23.00 22.00 25.00 25.00 25.00 25.00 25.00 25.00 25.00 25.00 24.00 23.00 22.00 22.00 22.00 21.00 21.00 21.00 21.00 24.00 24.00 23.00 26.00 26.00 26.00 26.00 ];
reversals = [0 -1 0 0 0 0 0 1 -1 0 0 0 0 0 0 0 0 0 0 0 0 0 0 0 0 0 1 -1 0 1 0 0 0 -1 0 0 0 0 0 0 0 0 0 0 0 0 1 0 0 0 0 0 0 -1 0 0 0 0 0 0 1 0 -1 0 0 0 0 0 0 0 1 0 0 0 0 0 0 0 -1 0 0 0 0 0 0 0 0 1 0 -1 1 0 0 0 -1 ];
measures = [0 0 0 0 0 0 0 0 0 0 0 0 0 0 0 0 0 0 0 0 0 0 0 0 0 0 0 1 1 1 1 1 1 1 1 1 1 1 1 1 1 1 1 1 1 1 1 1 1 1 1 1 1 1 1 1 1 1 1 1 1 1 1 1 1 1 1 1 1 1 1 1 1 1 1 1 1 1 1 1 1 1 1 1 1 1 1 1 1 1 1 1 1 1 1 ];
presentations = [1 1 1 1 0 0 0 1 1 0 1 0 0 0 0 0 0 0 1 0 0 1 1 1 1 1 1 1 0 1 0 0 0 1 0 1 0 1 0 1 0 0 1 1 0 0 1 0 0 0 0 0 0 1 0 0 1 0 0 0 1 0 1 0 0 0 0 1 1 1 1 0 0 0 0 0 0 0 1 1 1 0 0 1 0 0 0 1 0 1 1 0 0 0 1 ];
answers = [0 1 1 1 0 0 0 0 1 0 1 0 0 0 0 0 0 0 1 0 0 1 1 1 1 1 0 1 0 0 0 0 0 1 0 1 0 1 0 1 0 0 1 1 0 0 0 0 0 0 0 0 0 1 0 0 1 0 0 0 0 0 1 0 0 0 0 1 1 1 0 0 0 0 0 0 0 0 1 1 1 0 0 1 0 0 0 0 0 1 0 0 0 0 1 ];
adjustments = [12 -4 -4 -4 0 0 0 12 -2 0 -1 0 0 0 0 0 0 0 -1 0 0 -1 -1 -1 -1 -1 3 -1 0 3 0 0 0 -1 0 -1 0 -1 0 -1 0 0 -1 -1 0 0 3 0 0 0 0 0 0 -1 0 0 -1 0 0 0 3 0 -1 0 0 0 0 -1 -1 -1 3 0 0 0 0 0 0 0 -1 -1 -1 0 0 -1 0 0 0 3 0 -1 3 0 0 0 -1 ];
offsets = [1352336 1411952 480670 4136776 838739 4749456 841266 445555 858997 5196374 1752732 3192878 171548 4847627 3388334 968281 2211548 2928105 965646 2675114 1486452 3550299 521163 2448816 633943 1630589 5168226 215678 2397533 4194019 2159199 1193061 2121246 2702616 787082 141207 135474 3233408 196531 1426757 4231698 3658357 5179259 3158542 2895140 2636274 3481461 3809301 2668452 2982867 4880464 261294 2179200 2962325 4143355 2494705 1352517 2459781 1780773 5223008 3169120 5137973 2722113 3512865 3724638 2879697 4984212 3562325 2942247 4485441 1841876 1526030 1177063 2227786 1645334 2338961 1829429 2951718 1905500 574244 1286404 1427582 420314 4479122 5040647 4442551 1675513 60242 747496 2065343 4348199 2272651 4350687 4457252 1534817 ];

