# config: "EMA:1.1.0-APPP,ID:listener13-l,SETUP:KK1,SOUNDDEVICE:USB,SOUNDSTREAM:0,SOUNDCHANNELS:1,2"
target=0.75;minreversals=14;discardreversals=4;minmeasures=25;startvalue=20.00;steps=[4  4  2  1];
threshold = [26.00 ];
values = [20.00 32.00 28.00 24.00 24.00 36.00 34.00 34.00 33.00 33.00 33.00 33.00 33.00 32.00 32.00 32.00 32.00 31.00 30.00 30.00 29.00 28.00 28.00 28.00 28.00 27.00 30.00 29.00 28.00 27.00 27.00 26.00 25.00 25.00 25.00 24.00 23.00 23.00 23.00 26.00 26.00 26.00 25.00 24.00 24.00 24.00 23.00 23.00 26.00 25.00 24.00 27.00 26.00 26.00 26.00 26.00 26.00 26.00 26.00 26.00 29.00 28.00 27.00 26.00 26.00 25.00 24.00 24.00 27.00 27.00 26.00 26.00 26.00 ];
reversals = [0 -1 0 0 1 -1 0 0 0 0 0 0 0 0 0 0 0 0 0 0 0 0 0 0 0 1 -1 0 0 0 0 0 0 0 0 0 0 0 1 0 0 -1 0 0 0 0 0 1 -1 0 1 -1 0 0 0 0 0 0 0 1 -1 0 0 0 0 0 0 1 0 -1 0 0 0 ];
measures = [0 0 0 0 0 0 0 0 0 0 0 0 0 0 0 0 0 0 0 0 0 0 0 0 0 0 1 1 1 1 1 1 1 1 1 1 1 1 1 1 1 1 1 1 1 1 1 1 1 1 1 1 1 1 1 1 1 1 1 1 1 1 1 1 1 1 1 1 1 1 1 1 1 ];
presentations = [1 1 1 0 1 1 0 1 0 0 0 0 1 0 0 0 1 1 0 1 1 0 0 0 1 1 1 1 1 0 1 1 0 0 1 1 0 0 1 0 0 1 1 0 0 1 0 1 1 1 1 1 0 0 0 0 0 0 0 1 1 1 1 0 1 1 0 1 0 1 0 0 1 ];
answers = [0 1 1 0 0 1 0 1 0 0 0 0 1 0 0 0 1 1 0 1 1 0 0 0 1 0 1 1 1 0 1 1 0 0 1 1 0 0 0 0 0 1 1 0 0 1 0 0 1 1 0 1 0 0 0 0 0 0 0 0 1 1 1 0 1 1 0 0 0 1 0 0 1 ];
adjustments = [12 -4 -4 0 12 -2 0 -1 0 0 0 0 -1 0 0 0 -1 -1 0 -1 -1 0 0 0 -1 3 -1 -1 -1 0 -1 -1 0 0 -1 -1 0 0 3 0 0 -1 -1 0 0 -1 0 3 -1 -1 3 -1 0 0 0 0 0 0 0 3 -1 -1 -1 0 -1 -1 0 3 0 -1 0 0 -1 ];
offsets = [1994983 3790929 1169239 2094506 1504128 3087407 4443677 71403 846584 865684 49476 5151164 1956833 2771578 2075049 1975678 209328 878559 108527 2682045 2939807 241599 4459265 2692500 2893377 4177364 63978 1141437 1567570 3857087 3254243 3550926 3977389 1925911 4999330 2525332 4732976 4169356 2807018 3939299 2384265 2287141 1075624 2535896 136730 1225126 1848199 1249303 2235919 5103567 5092913 4227429 5164003 1179243 95250 1477864 514015 4791900 2122416 4993216 5072051 80931 222406 667205 3009884 4852248 1435616 2020121 3862422 4766898 410221 1733941 4267172 ];

