# config: "EMA:1.1.0-APPP,ID:listener13-l,SETUP:KK1,SOUNDDEVICE:USB,SOUNDSTREAM:0,SOUNDCHANNELS:1,2"
target=0.75;minreversals=14;discardreversals=4;minmeasures=25;startvalue=20.00;steps=[4  4  2  1];
threshold = [30.00 ];
values = [20.00 32.00 28.00 40.00 38.00 37.00 37.00 37.00 37.00 37.00 36.00 35.00 34.00 34.00 33.00 33.00 32.00 31.00 30.00 29.00 29.00 29.00 32.00 32.00 31.00 31.00 31.00 31.00 31.00 31.00 31.00 30.00 29.00 28.00 31.00 31.00 30.00 29.00 29.00 29.00 29.00 28.00 28.00 28.00 28.00 28.00 27.00 27.00 27.00 30.00 30.00 30.00 30.00 29.00 28.00 28.00 28.00 27.00 30.00 30.00 29.00 28.00 28.00 27.00 27.00 27.00 30.00 30.00 30.00 29.00 29.00 29.00 28.00 28.00 28.00 28.00 28.00 28.00 31.00 31.00 30.00 30.00 29.00 29.00 29.00 28.00 ];
reversals = [0 -1 1 -1 0 0 0 0 0 0 0 0 0 0 0 0 0 0 0 0 0 1 0 -1 0 0 0 0 0 0 0 0 0 1 0 -1 0 0 0 0 0 0 0 0 0 0 0 0 1 0 0 0 -1 0 0 0 0 1 0 -1 0 0 0 0 0 1 0 0 -1 0 0 0 0 0 0 0 0 1 0 -1 0 0 0 0 0 0 ];
measures = [0 0 0 0 0 0 0 0 0 0 0 0 0 0 0 0 0 0 0 0 0 0 0 1 1 1 1 1 1 1 1 1 1 1 1 1 1 1 1 1 1 1 1 1 1 1 1 1 1 1 1 1 1 1 1 1 1 1 1 1 1 1 1 1 1 1 1 1 1 1 1 1 1 1 1 1 1 1 1 1 1 1 1 1 1 1 ];
presentations = [1 1 1 1 1 0 0 0 0 1 1 1 0 1 0 1 1 1 1 0 0 1 0 1 0 0 0 0 0 0 1 1 1 1 0 1 1 0 0 0 1 0 0 0 0 1 0 0 1 0 0 0 1 1 0 0 1 1 0 1 1 0 1 0 0 1 0 0 1 0 0 1 0 0 0 0 0 1 0 1 0 1 0 0 1 1 ];
answers = [0 1 0 1 1 0 0 0 0 1 1 1 0 1 0 1 1 1 1 0 0 0 0 1 0 0 0 0 0 0 1 1 1 0 0 1 1 0 0 0 1 0 0 0 0 1 0 0 0 0 0 0 1 1 0 0 1 0 0 1 1 0 1 0 0 0 0 0 1 0 0 1 0 0 0 0 0 0 0 1 0 1 0 0 1 1 ];
adjustments = [12 -4 12 -2 -1 0 0 0 0 -1 -1 -1 0 -1 0 -1 -1 -1 -1 0 0 3 0 -1 0 0 0 0 0 0 -1 -1 -1 3 0 -1 -1 0 0 0 -1 0 0 0 0 -1 0 0 3 0 0 0 -1 -1 0 0 -1 3 0 -1 -1 0 -1 0 0 3 0 0 -1 0 0 -1 0 0 0 0 0 3 0 -1 0 -1 0 0 -1 -1 ];
offsets = [3422388 209772 4069044 1814047 323384 5254644 3248474 5019087 767925 4262958 1293796 2394606 272556 3038550 545793 3359795 3070253 548417 2508293 2193472 5222475 4644300 2432463 4974056 4258491 2013714 4962585 2327390 3603152 2793789 5154992 1188023 370180 2521327 3278539 2859902 207541 2628300 2279952 4688603 4750378 733526 666417 870380 5038834 2704924 3727182 4946039 2996964 3902092 2262657 244259 4784884 282622 1797852 1510507 715574 4747083 3152653 4149424 3753416 1192260 1949865 1475255 521342 5192696 3636255 1338372 2589563 2249463 3472237 5115743 876401 2118429 3244938 2221442 1071373 5096342 2920826 2219031 3135599 4039860 2876180 4997543 2171376 3916728 ];

