# config: "EMA:1.1.0-APPP,ID:listener13-l,SETUP:KK1,SOUNDDEVICE:USB,SOUNDSTREAM:0,SOUNDCHANNELS:1,2"
target=0.75;minreversals=14;discardreversals=4;minmeasures=25;startvalue=20.00;steps=[4  4  2  1];
threshold = [29.00 ];
values = [20.00 32.00 44.00 56.00 52.00 52.00 48.00 48.00 44.00 44.00 40.00 40.00 40.00 40.00 40.00 40.00 40.00 40.00 40.00 36.00 36.00 36.00 36.00 36.00 36.00 36.00 36.00 36.00 32.00 28.00 28.00 40.00 38.00 37.00 36.00 35.00 35.00 34.00 34.00 33.00 33.00 33.00 32.00 31.00 31.00 31.00 31.00 31.00 30.00 30.00 33.00 33.00 32.00 32.00 32.00 32.00 31.00 34.00 33.00 32.00 32.00 32.00 31.00 31.00 30.00 29.00 29.00 32.00 31.00 31.00 31.00 31.00 31.00 30.00 29.00 29.00 28.00 27.00 27.00 27.00 26.00 26.00 26.00 29.00 28.00 28.00 28.00 27.00 27.00 26.00 26.00 25.00 25.00 25.00 28.00 27.00 27.00 26.00 25.00 ];
reversals = [0 0 0 -1 0 0 0 0 0 0 0 0 0 0 0 0 0 0 0 0 0 0 0 0 0 0 0 0 0 0 1 -1 0 0 0 0 0 0 0 0 0 0 0 0 0 0 0 0 0 1 0 -1 0 0 0 0 1 -1 0 0 0 0 0 0 0 0 1 -1 0 0 0 0 0 0 0 0 0 0 0 0 0 0 1 -1 0 0 0 0 0 0 0 0 0 1 -1 0 0 0 1 ];
measures = [0 0 0 0 0 0 0 0 0 0 0 0 0 0 0 0 0 0 0 0 0 0 0 0 0 0 0 0 0 0 0 0 0 0 0 0 0 0 0 0 0 0 0 0 0 0 0 0 0 0 0 1 1 1 1 1 1 1 1 1 1 1 1 1 1 1 1 1 1 1 1 1 1 1 1 1 1 1 1 1 1 1 1 1 1 1 1 1 1 1 1 1 1 1 1 1 1 1 1 ];
presentations = [1 1 1 1 0 1 0 1 0 1 0 0 0 0 0 0 0 0 1 0 0 0 0 0 0 0 0 1 1 0 1 1 1 1 1 0 1 0 1 0 0 1 1 0 0 0 0 1 0 1 0 1 0 0 0 1 1 1 1 0 0 1 0 1 1 0 1 1 0 0 0 0 1 1 0 1 1 0 0 1 0 0 1 1 0 0 1 0 1 0 1 0 0 1 1 0 1 1 1 ];
answers = [0 0 0 1 0 1 0 1 0 1 0 0 0 0 0 0 0 0 1 0 0 0 0 0 0 0 0 1 1 0 0 1 1 1 1 0 1 0 1 0 0 1 1 0 0 0 0 1 0 0 0 1 0 0 0 1 0 1 1 0 0 1 0 1 1 0 0 1 0 0 0 0 1 1 0 1 1 0 0 1 0 0 0 1 0 0 1 0 1 0 1 0 0 0 1 0 1 1 0 ];
adjustments = [12 12 12 -4 0 -4 0 -4 0 -4 0 0 0 0 0 0 0 0 -4 0 0 0 0 0 0 0 0 -4 -4 0 12 -2 -1 -1 -1 0 -1 0 -1 0 0 -1 -1 0 0 0 0 -1 0 3 0 -1 0 0 0 -1 3 -1 -1 0 0 -1 0 -1 -1 0 3 -1 0 0 0 0 -1 -1 0 -1 -1 0 0 -1 0 0 3 -1 0 0 -1 0 -1 0 -1 0 0 3 -1 0 -1 -1 3 ];
offsets = [3995680 2832783 1402496 11410 702769 1823279 4135920 5152382 1713135 4566111 4263264 1671070 2298919 3047630 2462718 1812101 200055 1484869 2521335 2159915 619704 1709092 4963102 3972122 1469363 3623373 4010887 2795044 1107578 847252 3161132 4877517 1197150 1187764 2798170 1281834 5008381 1238757 3757969 365046 3652065 2363057 2342781 1384576 3998362 475962 4872482 2084645 3790626 383444 1912876 2781695 1200336 1816768 1675807 4261131 3010667 5041228 388269 1028548 2095356 2923103 1692776 2138571 144345 5208434 3997609 3474222 2001645 4296228 3351099 596668 778942 2353577 1421854 3211641 2170232 3621009 2423609 1072224 4072961 3057070 1994368 4187368 3931602 1200447 3791455 3046532 976113 940937 4475243 2492284 1774289 3326657 1676415 4130487 2283915 3516431 988874 ];

