# config: "EMA:1.1.0-APPP,ID:listener09-l,SETUP:KK1,SOUNDDEVICE:USB,SOUNDSTREAM:0,SOUNDCHANNELS:1,2"
target=0.75;minreversals=14;discardreversals=4;minmeasures=25;startvalue=70.00;steps=[8  8  4  2];
threshold = [12.00 ];
values = [70.00 62.00 54.00 46.00 46.00 38.00 38.00 38.00 38.00 30.00 30.00 30.00 54.00 54.00 54.00 46.00 46.00 46.00 42.00 42.00 42.00 38.00 38.00 38.00 34.00 30.00 26.00 22.00 22.00 18.00 18.00 14.00 10.00 10.00 22.00 22.00 22.00 20.00 18.00 18.00 16.00 16.00 14.00 14.00 12.00 10.00 16.00 14.00 14.00 14.00 12.00 10.00 10.00 10.00 10.00 16.00 14.00 12.00 12.00 10.00 10.00 10.00 10.00 10.00 16.00 14.00 14.00 14.00 14.00 12.00 12.00 10.00 10.00 10.00 10.00 8.00 8.00 14.00 12.00 12.00 10.00 10.00 16.00 16.00 14.00 12.00 12.00 10.00 8.00 8.00 14.00 12.00 12.00 10.00 ];
reversals = [0 0 0 0 0 0 0 0 0 0 0 1 0 0 -1 0 0 0 0 0 0 0 0 0 0 0 0 0 0 0 0 0 0 1 0 0 -1 0 0 0 0 0 0 0 0 1 -1 0 0 0 0 0 0 0 1 -1 0 0 0 0 0 0 0 1 -1 0 0 0 0 0 0 0 0 0 0 0 1 -1 0 0 0 1 0 -1 0 0 0 0 0 1 -1 0 0 0 ];
measures = [0 0 0 0 0 0 0 0 0 0 0 0 0 0 0 0 0 0 0 0 0 0 0 0 0 0 0 0 0 0 0 0 0 0 0 0 0 0 0 0 0 0 0 0 0 1 1 1 1 1 1 1 1 1 1 1 1 1 1 1 1 1 1 1 1 1 1 1 1 1 1 1 1 1 1 1 1 1 1 1 1 1 1 1 1 1 1 1 1 1 1 1 1 1 ];
presentations = [1 1 1 0 1 0 0 0 1 0 0 1 0 0 1 0 0 1 0 0 1 0 0 1 1 1 1 0 1 0 1 1 0 1 0 0 1 1 0 1 0 1 0 1 1 1 1 0 0 1 1 0 0 0 1 1 1 0 1 0 0 0 0 1 1 0 0 0 1 0 1 0 0 0 1 0 1 1 0 1 0 1 0 1 1 0 1 1 0 1 1 0 1 1 ];
answers = [1 1 1 0 1 0 0 0 1 0 0 0 0 0 1 0 0 1 0 0 1 0 0 1 1 1 1 0 1 0 1 1 0 0 0 0 1 1 0 1 0 1 0 1 1 0 1 0 0 1 1 0 0 0 0 1 1 0 1 0 0 0 0 0 1 0 0 0 1 0 1 0 0 0 1 0 0 1 0 1 0 0 0 1 1 0 1 1 0 0 1 0 1 1 ];
adjustments = [-8 -8 -8 0 -8 0 0 0 -8 0 0 24 0 0 -8 0 0 -4 0 0 -4 0 0 -4 -4 -4 -4 0 -4 0 -4 -4 0 12 0 0 -2 -2 0 -2 0 -2 0 -2 -2 6 -2 0 0 -2 -2 0 0 0 6 -2 -2 0 -2 0 0 0 0 6 -2 0 0 0 -2 0 -2 0 0 0 -2 0 6 -2 0 -2 0 6 0 -2 -2 0 -2 -2 0 6 -2 0 -2 -2 ];

