# config: "EMA:1.1.0-APPP,ID:listener09-l,SETUP:KK1,SOUNDDEVICE:USB,SOUNDSTREAM:0,SOUNDCHANNELS:1,2"
target=0.50;discardreversals=2;startvalue=0.00;steps=[4  2  1];
threshold = [-11.50 ];
values = [0.00 -2.00 -12.00 -2.00 -5.00 -7.50 -7.00 -9.50 -11.00 -11.50 -10.00 -11.50 -11.00 -11.50 -13.00 -15.50 -13.00 -14.50 -12.00 -14.50 ];
reversals = [0 0 1 -1 0 1 -1 0 0 1 -1 1 -1 0 0 1 -1 1 -1 1 ];
measures = [0 0 0 0 0 1 1 1 1 1 1 1 1 1 1 1 1 1 1 1 ];
presentations = [1 2 3 4 5 6 7 8 9 10 11 12 13 14 15 16 17 18 19 20 ];
answers = [3 5 0 4 5 2 5 4 3 1 4 2 3 4 5 0 4 0 5 0 ];
adjustments = [-2 -10 10 -3 -2.5 0.5 -2.5 -1.5 -0.5 1.5 -1.5 0.5 -0.5 -1.5 -2.5 2.5 -1.5 2.5 -2.5 2.5 ];
sentences = {'47048' '09216' '86800' '34994' '51437' '76802' '23081' '65555' '52277' '89135' '24621' '47173' '61793' '92629' '95569' '33980' '00456' '18348' '70762' '18314' };
offsets = [6436595 7734339 7489621 8086968 3787595 7437473 6633241 2122825 3148228 6308511 183232 1122910 4791813 1166914 8012251 8210709 7180997 8275627 7596403 1414370 ];

