# config: "EMA:1.1.0-APPP,ID:listener09-l,SETUP:KK1,SOUNDDEVICE:USB,SOUNDSTREAM:0,SOUNDCHANNELS:1,2"
target=0.50;discardreversals=2;startvalue=0.00;steps=[4  2  1];
threshold = [-7.00 ];
values = [0.00 -10.00 0.00 -5.00 -6.50 -7.00 -7.50 -8.00 -7.50 -6.00 -5.50 -7.00 -7.50 -7.00 -7.50 -7.00 -4.50 -6.00 -5.50 -8.00 ];
reversals = [0 1 -1 0 0 0 0 1 0 0 -1 0 1 -1 1 0 -1 1 -1 1 ];
measures = [0 0 0 0 0 0 0 1 1 1 1 1 1 1 1 1 1 1 1 1 ];
presentations = [1 2 3 4 5 6 7 8 9 10 11 12 13 14 15 16 17 18 19 20 ];
answers = [5 0 5 4 3 3 3 2 1 2 4 3 2 3 2 0 4 2 5 0 ];
adjustments = [-10 10 -5 -1.5 -0.5 -0.5 -0.5 0.5 1.5 0.5 -1.5 -0.5 0.5 -0.5 0.5 2.5 -1.5 0.5 -2.5 2.5 ];
sentences = {'63558' '29744' '48832' '10681' '46393' '95162' '14040' '35209' '03676' '29394' '91451' '34226' '82009' '07970' '70565' '87713' '52988' '51417' '78835' '66127' };
offsets = [3607805 6028802 7104757 6523072 7239334 1258900 7499326 1501839 8240440 7077550 7317418 1302268 3177684 3182338 1516431 7782844 5270098 4776907 5429607 7693971 ];

