# config: "EMA:1.1.0-APPP,ID:listener09-l,SETUP:KK1,SOUNDDEVICE:USB,SOUNDSTREAM:0,SOUNDCHANNELS:1,2"
target=0.50;discardreversals=2;startvalue=0.00;steps=[4  2  1];
threshold = [-7.00 ];
values = [0.00 -10.00 0.00 -1.00 -0.50 -2.00 -3.50 -4.00 -5.50 -5.00 -5.50 -7.00 -7.50 -7.00 -7.50 -9.00 -10.50 -9.00 -7.50 -9.00 ];
reversals = [0 1 -1 1 -1 0 0 0 1 -1 0 0 1 -1 0 0 1 0 -1 1 ];
measures = [0 0 0 1 1 1 1 1 1 1 1 1 1 1 1 1 1 1 1 1 ];
presentations = [1 2 3 4 5 6 7 8 9 10 11 12 13 14 15 16 17 18 19 20 ];
answers = [5 0 3 2 4 4 3 4 2 3 4 3 2 3 4 4 1 1 4 2 ];
adjustments = [-10 10 -1 0.5 -1.5 -1.5 -0.5 -1.5 0.5 -0.5 -1.5 -0.5 0.5 -0.5 -1.5 -1.5 1.5 1.5 -1.5 0.5 ];
sentences = {'03491' '24318' '03262' '59026' '22586' '66553' '41634' '74972' '99308' '77974' '82487' '15149' '30757' '87263' '48835' '68819' '31601' '90790' '55025' '16140' };
offsets = [1402193 5907074 5937801 323422 7745984 4477889 6339133 4129881 189090 6223444 822519 8381605 2220225 6064657 5046286 1235511 5722355 2907645 4462194 7989603 ];

