# config: "EMA:1.1.0-APPP,ID:listener09-l,SETUP:KK1,SOUNDDEVICE:USB,SOUNDSTREAM:0,SOUNDCHANNELS:1,2"
target=0.50;discardreversals=2;startvalue=0.00;steps=[4  2  1];
threshold = [-10.25 ];
values = [0.00 -10.00 0.00 -5.00 -6.50 -8.00 -9.50 -7.00 -8.50 -10.00 -10.50 -11.00 -9.50 -10.00 -11.50 -13.00 -12.50 -12.00 -11.50 -12.00 ];
reversals = [0 1 -1 0 0 0 1 -1 0 0 0 1 -1 0 0 1 0 0 -1 0 ];
measures = [0 0 0 0 0 0 1 1 1 1 1 1 1 1 1 1 1 1 1 1 ];
presentations = [1 2 3 4 5 6 7 8 9 10 11 12 13 14 15 16 17 18 19 20 ];
answers = [5 0 5 4 4 4 0 4 4 3 3 1 3 4 4 2 2 2 3 4 ];
adjustments = [-10 10 -5 -1.5 -1.5 -1.5 2.5 -1.5 -1.5 -0.5 -0.5 1.5 -0.5 -1.5 -1.5 0.5 0.5 0.5 -0.5 -1.5 ];
sentences = {'45923' '63558' '51417' '36514' '70287' '46393' '93692' '34226' '54841' '87470' '07970' '08168' '69009' '10681' '78835' '82009' '22336' '29744' '11755' '95162' };
offsets = [2506031 8429652 4029044 216805 901718 8118388 4893744 4092796 5454105 7290082 1009466 4119314 8135977 6421857 964973 381443 1444679 2409622 1235445 4160928 ];

