# config: "EMA:1.1.0-APPP,ID:listener09-l,SETUP:KK1,SOUNDDEVICE:USB,SOUNDSTREAM:0,SOUNDCHANNELS:1,2"
target=0.50;discardreversals=2;startvalue=0.00;steps=[4  2  1];
threshold = [-5.25 ];
values = [0.00 -10.00 0.00 -3.00 -5.50 -6.00 -6.50 -5.00 -5.50 -5.00 -7.50 -5.00 -5.50 -4.00 -5.50 -6.00 -4.50 -4.00 -3.50 -6.00 ];
reversals = [0 1 -1 0 0 0 1 -1 1 -1 1 -1 1 -1 0 1 0 0 -1 0 ];
measures = [0 0 0 0 0 0 1 1 1 1 1 1 1 1 1 1 1 1 1 1 ];
presentations = [1 2 3 4 5 6 7 8 9 10 11 12 13 14 15 16 17 18 19 20 ];
answers = [5 0 4 5 3 3 1 3 2 5 0 3 1 4 3 1 2 2 5 3 ];
adjustments = [-10 10 -3 -2.5 -0.5 -0.5 1.5 -0.5 0.5 -2.5 2.5 -0.5 1.5 -1.5 -0.5 1.5 0.5 0.5 -2.5 -0.5 ];
sentences = {'51417' '12339' '06251' '69444' '85813' '78835' '33528' '63558' '21080' '44697' '50976' '29744' '95162' '10681' '34226' '98162' '77705' '07970' '46393' '82009' };
offsets = [246519 4850150 2304207 5140337 6460771 7727891 6537034 1251702 6810193 7082778 3755120 7184575 7513347 4363603 7190460 116020 6609033 4964419 3340958 4370234 ];

