# config: "EMA:1.1.0-APPP,ID:listener09-l,SETUP:KK1,SOUNDDEVICE:USB,SOUNDSTREAM:0,SOUNDCHANNELS:1,2"
target=0.50;discardreversals=2;startvalue=0.00;steps=[4  2  1];
threshold = [-14.00 ];
values = [0.00 -6.00 -16.00 -6.00 -9.00 -11.50 -12.00 -14.50 -14.00 -14.50 -12.00 -13.50 -14.00 -12.50 -14.00 -13.50 -16.00 -15.50 -13.00 -10.50 ];
reversals = [0 0 1 -1 0 0 0 1 -1 1 -1 0 1 -1 1 -1 1 0 0 0 ];
measures = [0 0 0 0 0 0 0 1 1 1 1 1 1 1 1 1 1 1 1 1 ];
presentations = [1 2 3 4 5 6 7 8 9 10 11 12 13 14 15 16 17 18 19 20 ];
answers = [4 5 0 4 5 3 5 2 3 0 4 3 1 4 2 5 2 0 0 2 ];
adjustments = [-6 -10 10 -3 -2.5 -0.5 -2.5 0.5 -0.5 2.5 -1.5 -0.5 1.5 -1.5 0.5 -2.5 0.5 2.5 2.5 0.5 ];
sentences = {'03676' '35209' '29394' '41634' '52988' '22586' '70565' '03491' '91451' '66127' '16140' '87263' '99308' '68819' '30757' '55025' '14040' '74972' '48832' '87713' };
offsets = [6967522 1733154 8916551 9589341 3819998 9262319 9365725 3270743 5801445 919360 2532159 1814241 8618461 3985992 617928 9282912 4906244 4058348 9522800 4648223 ];

