# config: "EMA:1.1.0-APPP,ID:listener09-l,SETUP:KK1,SOUNDDEVICE:USB,SOUNDSTREAM:0,SOUNDCHANNELS:1,2"
target=0.50;discardreversals=2;startvalue=0.00;steps=[4  2  1];
threshold = [-7.00 ];
values = [0.00 -10.00 0.00 -5.00 -7.50 -8.00 -7.50 -7.00 -4.50 -7.00 -7.50 -7.00 -7.50 -6.00 -7.50 -6.00 -5.50 -7.00 -5.50 -7.00 ];
reversals = [0 1 -1 0 0 1 0 0 -1 0 1 -1 1 -1 1 0 -1 1 -1 1 ];
measures = [0 0 0 0 0 1 1 1 1 1 1 1 1 1 1 1 1 1 1 1 ];
presentations = [1 2 3 4 5 6 7 8 9 10 11 12 13 14 15 16 17 18 19 20 ];
answers = [5 0 5 5 3 2 2 0 5 3 2 3 1 4 1 2 4 1 4 1 ];
adjustments = [-10 10 -5 -2.5 -0.5 0.5 0.5 2.5 -2.5 -0.5 0.5 -0.5 1.5 -1.5 1.5 0.5 -1.5 1.5 -1.5 1.5 ];
sentences = {'91451' '46393' '78835' '63558' '95162' '87713' '03676' '82009' '66127' '10681' '07970' '70565' '48832' '52988' '29394' '14040' '34226' '35209' '29744' '51417' };
offsets = [4529667 4004182 1143016 1441040 862366 3111934 5577325 9740171 5813564 5899062 7688768 2751081 7719741 4162301 2641233 2604978 9287564 8735311 3689306 2540550 ];

