# config: "EMA:1.1.0-APPP,ID:listener09-l,SETUP:KK1,SOUNDDEVICE:USB,SOUNDSTREAM:0,SOUNDCHANNELS:1,2"
target=0.50;discardreversals=2;startvalue=0.00;steps=[4  2  1];
threshold = [-1.50 ];
values = [0.00 2.00 12.00 10.00 9.00 4.00 -1.00 2.00 -0.50 0.00 -0.50 -3.00 -3.50 -2.00 -2.50 -4.00 -1.50 -2.00 -1.50 0.00 ];
reversals = [0 0 -1 0 0 0 1 -1 1 -1 0 0 1 -1 0 1 -1 1 0 -1 ];
measures = [0 0 0 0 0 0 0 1 1 1 1 1 1 1 1 1 1 1 1 1 ];
presentations = [1 2 3 4 5 6 7 8 9 10 11 12 13 14 15 16 17 18 19 20 ];
answers = [2 0 3 3 5 5 1 5 2 3 5 3 1 3 4 0 3 2 1 4 ];
adjustments = [2 10 -2 -1 -5 -5 3 -2.5 0.5 -0.5 -2.5 -0.5 1.5 -0.5 -1.5 2.5 -0.5 0.5 1.5 -1.5 ];
sentences = {'36514' '74972' '08168' '87470' '30757' '16140' '22336' '87263' '70287' '68819' '22586' '69009' '45923' '41634' '55025' '93692' '54841' '03491' '99308' '11755' };
offsets = [8318673 6690032 2946373 4127993 8328890 6248336 4992029 1664988 1213956 4362745 2901558 3085481 6542917 6269989 3252705 1683505 7198840 5163823 5805658 3734163 ];

