# config: "EMA:1.1.0-APPP,ID:listener09-l,SETUP:KK1,SOUNDDEVICE:USB,SOUNDSTREAM:0,SOUNDCHANNELS:1,2"
target=0.50;discardreversals=2;startvalue=0.00;steps=[4  2  1];
threshold = [-1.50 ];
values = [0.00 -6.00 4.00 3.00 1.50 0.00 -1.50 -2.00 -4.50 -6.00 -4.50 -3.00 -1.50 0.00 -2.50 -3.00 -1.50 1.00 -0.50 -1.00 ];
reversals = [0 1 -1 0 0 0 0 0 0 1 0 0 0 -1 0 1 0 -1 0 0 ];
measures = [0 0 0 0 0 0 0 0 0 1 1 1 1 1 1 1 1 1 1 1 ];
presentations = [1 2 3 4 5 6 7 8 9 10 11 12 13 14 15 16 17 18 19 20 ];
answers = [4 0 3 4 4 4 3 5 4 1 1 1 1 5 3 1 0 4 3 4 ];
adjustments = [-6 10 -1 -1.5 -1.5 -1.5 -0.5 -2.5 -1.5 1.5 1.5 1.5 1.5 -2.5 -0.5 1.5 2.5 -1.5 -0.5 -1.5 ];
sentences = {'69444' '15952' '98162' '21080' '77705' '37886' '50976' '12339' '44697' '02737' '76600' '85813' '33528' '51195' '90013' '89364' '06251' '68271' '44529' '23448' };
offsets = [5104947 8817207 6872421 8458454 7800563 495192 9664281 1298343 8189798 8044456 1145956 2486435 718122 5568715 5622820 6581888 6573666 1246900 1023293 3805579 ];

