# config: "EMA:1.1.0-APPP,ID:listener09-l,SETUP:KK1,SOUNDDEVICE:USB,SOUNDSTREAM:0,SOUNDCHANNELS:1,2"
target=0.50;discardreversals=2;startvalue=0.00;steps=[4  2  1];
threshold = [-32.25 ];
values = [0.00 -10.00 -20.00 -30.00 -36.00 -26.00 -31.00 -30.50 -30.00 -30.50 -32.00 -34.50 -35.00 -32.50 -33.00 -33.50 -34.00 -33.50 -32.00 -32.50 ];
reversals = [0 0 0 0 1 -1 1 0 -1 0 0 0 1 -1 0 0 1 0 -1 0 ];
measures = [0 0 0 0 0 0 1 1 1 1 1 1 1 1 1 1 1 1 1 1 ];
presentations = [1 2 3 4 5 6 7 8 9 10 11 12 13 14 15 16 17 18 19 20 ];
answers = [5 5 5 4 0 5 2 2 3 4 5 3 0 3 3 3 2 1 3 4 ];
adjustments = [-10 -10 -10 -6 10 -5 0.5 0.5 -0.5 -1.5 -2.5 -0.5 2.5 -0.5 -0.5 -0.5 0.5 1.5 -0.5 -1.5 ];
sentences = {'87713' '52988' '07970' '29394' '70565' '51417' '35209' '95162' '78835' '91451' '66127' '14040' '48832' '10681' '82009' '03676' '34226' '63558' '46393' '29744' };
offsets = [2858027 3604892 1201399 5885630 4435224 2041131 6269809 7113709 6136503 2563369 6713598 5140426 5297748 3032791 1671225 4993070 5993612 5345785 4833872 1352984 ];

