# config: "EMA:1.1.0-APPP,ID:listener09-l,SETUP:KK1,SOUNDDEVICE:USB,SOUNDSTREAM:0,SOUNDCHANNELS:1,2"
target=0.50;discardreversals=2;startvalue=0.00;steps=[4  2  1];
threshold = [-39.75 ];
values = [0.00 -10.00 -20.00 -30.00 -40.00 -46.00 -36.00 -39.00 -38.50 -39.00 -40.50 -43.00 -40.50 -41.00 -41.50 -42.00 -41.50 -41.00 -38.50 -36.00 ];
reversals = [0 0 0 0 0 1 -1 1 -1 0 0 1 -1 0 0 1 0 0 0 -1 ];
measures = [0 0 0 0 0 0 0 1 1 1 1 1 1 1 1 1 1 1 1 1 ];
presentations = [1 2 3 4 5 6 7 8 9 10 11 12 13 14 15 16 17 18 19 20 ];
answers = [5 5 5 5 4 0 4 2 3 4 5 0 3 3 3 2 2 0 0 4 ];
adjustments = [-10 -10 -10 -10 -6 10 -3 0.5 -0.5 -1.5 -2.5 2.5 -0.5 -0.5 -0.5 0.5 0.5 2.5 2.5 -1.5 ];
sentences = {'78835' '10681' '98162' '44697' '63558' '95162' '29744' '82009' '33528' '34226' '12339' '51417' '46393' '77705' '07970' '50976' '69444' '06251' '85813' '21080' };
offsets = [5682283 4538467 904809 5106646 6223018 6388631 3069142 7232713 2577708 2400474 580942 6321448 1222973 5359078 747413 6125921 6811671 3654877 5467338 3720875 ];

