# config: "EMA:1.1.0-APPP,ID:listener09-l,SETUP:KK1,SOUNDDEVICE:USB,SOUNDSTREAM:0,SOUNDCHANNELS:1,2"
target=0.50;discardreversals=2;startvalue=0.00;steps=[4  2  1];
threshold = [-12.00 ];
values = [0.00 -10.00 -12.00 -18.00 -8.00 -13.00 -11.50 -12.00 -11.50 -12.00 -11.50 -13.00 -12.50 -13.00 -12.50 -11.00 -13.50 -12.00 -11.50 -11.00 ];
reversals = [0 0 0 1 -1 1 -1 1 -1 1 -1 1 -1 1 0 -1 1 0 0 0 ];
measures = [0 0 0 0 0 1 1 1 1 1 1 1 1 1 1 1 1 1 1 1 ];
presentations = [1 2 3 4 5 6 7 8 9 10 11 12 13 14 15 16 17 18 19 20 ];
answers = [5 3 4 0 5 1 3 2 3 2 4 2 3 2 1 5 1 2 2 0 ];
adjustments = [-10 -2 -6 10 -5 1.5 -0.5 0.5 -0.5 0.5 -1.5 0.5 -0.5 0.5 1.5 -2.5 1.5 0.5 0.5 2.5 ];
sentences = {'77705' '89364' '68271' '06251' '69444' '90013' '33528' '98162' '02737' '44697' '51195' '37886' '21080' '23448' '12339' '85813' '76600' '15952' '44529' '50976' };
offsets = [854196 1944200 5425819 6245660 6493098 7541044 1332310 1609611 4707781 3576010 5194089 1445443 6921721 5289673 4550265 5682699 4010034 6835278 3816522 8460286 ];

