# config: "EMA:1.1.0-APPP,ID:listener09-l,SETUP:KK1,SOUNDDEVICE:USB,SOUNDSTREAM:0,SOUNDCHANNELS:1,2"
target=0.50;discardreversals=2;startvalue=0.00;steps=[4  2  1];
threshold = [-4.25 ];
values = [0.00 -10.00 0.00 -3.00 -5.50 -6.00 -4.50 -6.00 -3.50 -2.00 -2.50 -2.00 -4.50 -4.00 -3.50 -3.00 -2.50 -4.00 -4.50 -4.00 ];
reversals = [0 1 -1 0 0 1 -1 1 0 -1 1 -1 1 0 0 0 -1 0 1 -1 ];
measures = [0 0 0 0 0 1 1 1 1 1 1 1 1 1 1 1 1 1 1 1 ];
presentations = [1 2 3 4 5 6 7 8 9 10 11 12 13 14 15 16 17 18 19 20 ];
answers = [5 0 4 5 3 1 4 0 1 3 2 5 2 2 2 2 4 3 2 4 ];
adjustments = [-10 10 -3 -2.5 -0.5 1.5 -1.5 2.5 1.5 -0.5 0.5 -2.5 0.5 0.5 0.5 0.5 -1.5 -0.5 0.5 -1.5 ];
sentences = {'51437' '63558' '23081' '51417' '95162' '78835' '86800' '09216' '29744' '92629' '34994' '07970' '46393' '65555' '34226' '47173' '10681' '82009' '70762' '18348' };
offsets = [8841588 5483403 5306684 2659977 7606407 2891184 5499559 5179581 3230148 632984 4798140 27495 8520327 2525456 5267316 2995028 9052229 9089014 6811531 7907499 ];

