# config: "EMA:1.1.0-APPP,ID:listener09-l,SETUP:KK1,SOUNDDEVICE:USB,SOUNDSTREAM:0,SOUNDCHANNELS:1,2"
target=0.50;discardreversals=2;startvalue=0.00;steps=[4  2  1];
threshold = [-38.50 ];
values = [0.00 -10.00 -20.00 -30.00 -40.00 -34.00 -37.00 -38.50 -39.00 -37.50 -38.00 -38.50 -36.00 -37.50 -39.00 -37.50 -37.00 -36.50 -38.00 -40.50 ];
reversals = [0 0 0 0 1 -1 0 0 1 -1 0 1 -1 0 1 0 0 -1 0 1 ];
measures = [0 0 0 0 0 0 0 0 1 1 1 1 1 1 1 1 1 1 1 1 ];
presentations = [1 2 3 4 5 6 7 8 9 10 11 12 13 14 15 16 17 18 19 20 ];
answers = [5 5 5 5 1 4 4 3 1 3 3 0 4 4 1 2 2 4 5 1 ];
adjustments = [-10 -10 -10 -10 6 -3 -1.5 -0.5 1.5 -0.5 -0.5 2.5 -1.5 -1.5 1.5 0.5 0.5 -1.5 -2.5 1.5 ];
sentences = {'95162' '07970' '52277' '10681' '18314' '82009' '47048' '63558' '51417' '76802' '24621' '33980' '95569' '00456' '34226' '29744' '78835' '46393' '61793' '89135' };
offsets = [2702927 7223166 5983472 7173089 3987608 3987455 132807 2688538 3396338 5532300 226205 1510520 4154415 2170162 6665575 1988658 6590203 6604433 4489952 2069220 ];

