# config: "EMA:1.1.0-APPP,ID:listener09-l,SETUP:KK1,SOUNDDEVICE:USB,SOUNDSTREAM:0,SOUNDCHANNELS:1,2"
target=0.50;discardreversals=2;startvalue=0.00;steps=[4  2  1];
threshold = [-39.50 ];
values = [0.00 -10.00 -20.00 -30.00 -36.00 -42.00 -44.00 -38.00 -39.00 -39.50 -39.00 -39.50 -38.00 -40.50 -42.00 -39.50 -40.00 -41.50 -39.00 -41.50 ];
reversals = [0 0 0 0 0 0 1 -1 0 1 -1 1 -1 0 1 -1 0 1 -1 0 ];
measures = [0 0 0 0 0 0 0 0 0 1 1 1 1 1 1 1 1 1 1 1 ];
presentations = [1 2 3 4 5 6 7 8 9 10 11 12 13 14 15 16 17 18 19 20 ];
answers = [5 5 5 4 4 3 1 3 3 2 3 1 5 4 0 3 4 0 5 4 ];
adjustments = [-10 -10 -10 -6 -6 -2 6 -1 -0.5 0.5 -0.5 1.5 -2.5 -1.5 2.5 -0.5 -1.5 2.5 -2.5 -1.5 ];
sentences = {'03262' '06251' '98162' '77705' '12339' '90790' '66553' '31601' '69444' '50976' '44697' '77974' '59026' '24318' '48835' '33528' '21080' '85813' '15149' '82487' };
offsets = [1084111 7049445 3713556 5798245 4828149 4954172 3478636 4648119 6329772 606914 861762 697352 6401452 713444 5922104 1719259 7472800 4360910 7489555 7350430 ];

