# config: "EMA:1.1.0-APPP,ID:listener09-l,SETUP:KK1,SOUNDDEVICE:USB,SOUNDSTREAM:0,SOUNDCHANNELS:1,2"
target=0.75;minreversals=14;discardreversals=4;minmeasures=25;startvalue=20.00;steps=[4  4  2  1];
threshold = [2.00 ];
values = [20.00 16.00 12.00 8.00 4.00 4.00 16.00 16.00 12.00 12.00 12.00 10.00 8.00 8.00 8.00 8.00 6.00 6.00 4.00 4.00 4.00 2.00 2.00 0.00 0.00 0.00 0.00 0.00 0.00 6.00 6.00 5.00 4.00 4.00 4.00 4.00 4.00 3.00 2.00 1.00 1.00 1.00 0.00 -1.00 -1.00 2.00 1.00 1.00 4.00 3.00 3.00 2.00 2.00 2.00 2.00 1.00 1.00 1.00 0.00 0.00 -1.00 -1.00 -2.00 1.00 1.00 1.00 1.00 1.00 4.00 4.00 3.00 2.00 2.00 1.00 1.00 1.00 4.00 4.00 4.00 3.00 3.00 3.00 3.00 2.00 5.00 4.00 3.00 2.00 1.00 1.00 0.00 0.00 0.00 -1.00 ];
reversals = [0 0 0 0 0 1 0 -1 0 0 0 0 0 0 0 0 0 0 0 0 0 0 0 0 0 0 0 0 1 0 -1 0 0 0 0 0 0 0 0 0 0 0 0 0 1 -1 0 1 -1 0 0 0 0 0 0 0 0 0 0 0 0 0 1 0 0 0 0 0 0 -1 0 0 0 0 0 1 0 0 -1 0 0 0 0 1 -1 0 0 0 0 0 0 0 0 1 ];
measures = [0 0 0 0 0 0 0 0 0 0 0 0 0 0 0 0 0 0 0 0 0 0 0 0 0 0 0 0 0 0 0 0 0 0 0 0 0 0 0 0 0 0 0 0 1 1 1 1 1 1 1 1 1 1 1 1 1 1 1 1 1 1 1 1 1 1 1 1 1 1 1 1 1 1 1 1 1 1 1 1 1 1 1 1 1 1 1 1 1 1 1 1 1 1 ];
presentations = [1 1 1 1 0 1 0 1 0 0 1 1 0 0 0 1 0 1 0 0 1 0 1 0 0 0 0 0 1 0 1 1 0 0 0 0 1 1 1 0 0 1 1 0 1 1 0 1 1 0 1 0 0 0 1 0 0 1 0 1 0 1 1 0 0 0 0 1 0 1 1 0 1 0 0 1 0 0 1 0 0 0 1 1 1 1 1 1 0 1 0 0 1 1 ];
answers = [1 1 1 1 0 0 0 1 0 0 1 1 0 0 0 1 0 1 0 0 1 0 1 0 0 0 0 0 0 0 1 1 0 0 0 0 1 1 1 0 0 1 1 0 0 1 0 0 1 0 1 0 0 0 1 0 0 1 0 1 0 1 0 0 0 0 0 0 0 1 1 0 1 0 0 0 0 0 1 0 0 0 1 0 1 1 1 1 0 1 0 0 1 0 ];
adjustments = [-4 -4 -4 -4 0 12 0 -4 0 0 -2 -2 0 0 0 -2 0 -2 0 0 -2 0 -2 0 0 0 0 0 6 0 -1 -1 0 0 0 0 -1 -1 -1 0 0 -1 -1 0 3 -1 0 3 -1 0 -1 0 0 0 -1 0 0 -1 0 -1 0 -1 3 0 0 0 0 3 0 -1 -1 0 -1 0 0 3 0 0 -1 0 0 0 -1 3 -1 -1 -1 -1 0 -1 0 0 -1 3 ];
offsets = [2375226 3366289 1787543 1769187 4071558 1964022 3101596 2577894 2258807 3539906 4246343 1967139 2066141 3944436 3198979 1483738 240355 577143 4505103 4764829 2183670 1704057 607500 4845431 3351996 1278224 319202 4777313 213316 4399395 351978 5220204 2052126 4842216 2170781 69228 334195 4378135 3908730 1493359 1823185 1365608 1149106 4006863 3348851 2959683 1561588 2837082 935363 4965426 679944 2745588 2500512 2788038 1358628 4106675 2402416 4456118 5094335 2654944 2357234 1205590 3155500 1015005 3580486 1347522 4931216 3794855 4229885 3478731 2156219 1872693 4224211 1536313 1257219 4414113 1228761 4811665 4532929 1522333 4109411 1410440 4522858 3305807 4421898 4595756 4847700 1380209 1330463 4807079 2588398 1755074 1706957 1077153 ];

