# config: "EMA:1.1.0-APPP,ID:listener09-l,SETUP:KK1,SOUNDDEVICE:USB,SOUNDSTREAM:0,SOUNDCHANNELS:1,2"
target=0.75;minreversals=14;discardreversals=4;minmeasures=25;startvalue=20.00;steps=[4  4  2  1];
threshold = [1.00 ];
values = [20.00 16.00 12.00 8.00 4.00 4.00 4.00 4.00 0.00 0.00 -4.00 -4.00 8.00 4.00 2.00 0.00 0.00 -2.00 -2.00 4.00 4.00 4.00 3.00 2.00 2.00 2.00 2.00 1.00 0.00 0.00 -1.00 -2.00 -2.00 -2.00 1.00 1.00 1.00 1.00 0.00 0.00 -1.00 -1.00 2.00 2.00 1.00 0.00 3.00 2.00 2.00 1.00 1.00 0.00 -1.00 -1.00 -1.00 -1.00 2.00 2.00 1.00 4.00 4.00 4.00 4.00 3.00 2.00 1.00 0.00 -1.00 -2.00 1.00 0.00 -1.00 -2.00 ];
reversals = [0 0 0 0 0 0 0 0 0 0 0 1 -1 0 0 0 0 0 1 0 0 -1 0 0 0 0 0 0 0 0 0 0 0 1 0 0 0 -1 0 0 0 1 0 -1 0 1 -1 0 0 0 0 0 0 0 0 1 0 -1 1 0 0 0 -1 0 0 0 0 0 1 -1 0 0 1 ];
measures = [0 0 0 0 0 0 0 0 0 0 0 0 0 0 0 0 0 0 0 0 0 0 0 0 0 0 0 0 0 0 0 0 0 1 1 1 1 1 1 1 1 1 1 1 1 1 1 1 1 1 1 1 1 1 1 1 1 1 1 1 1 1 1 1 1 1 1 1 1 1 1 1 1 ];
presentations = [1 1 1 1 0 0 0 1 0 1 0 1 1 1 1 0 1 0 1 0 0 1 1 0 0 0 1 1 0 1 1 0 0 1 0 0 0 1 0 1 0 1 0 1 1 1 1 0 1 0 1 1 0 0 0 1 0 1 1 0 0 0 1 1 1 1 1 1 1 1 1 1 1 ];
answers = [1 1 1 1 0 0 0 1 0 1 0 0 1 1 1 0 1 0 0 0 0 1 1 0 0 0 1 1 0 1 1 0 0 0 0 0 0 1 0 1 0 0 0 1 1 0 1 0 1 0 1 1 0 0 0 0 0 1 0 0 0 0 1 1 1 1 1 1 0 1 1 1 0 ];
adjustments = [-4 -4 -4 -4 0 0 0 -4 0 -4 0 12 -4 -2 -2 0 -2 0 6 0 0 -1 -1 0 0 0 -1 -1 0 -1 -1 0 0 3 0 0 0 -1 0 -1 0 3 0 -1 -1 3 -1 0 -1 0 -1 -1 0 0 0 3 0 -1 3 0 0 0 -1 -1 -1 -1 -1 -1 3 -1 -1 -1 3 ];
offsets = [4134922 3746363 3616564 1024217 4276164 716941 2111553 3968966 4030745 5219802 5125622 3835478 1107282 1871283 664937 4042654 4288780 771547 5013345 834444 4456862 471617 3662204 4061826 2374530 2639084 3451856 4207617 1092876 2580263 1414634 1897495 53089 1825245 367962 619904 4084501 4523556 921754 2464307 4781852 1366265 98281 4050276 2111737 775943 1341432 2096317 4833051 4209031 1797443 506184 5063505 4335792 3606670 1004579 998040 5068280 1950924 3103591 4215931 2735915 584468 1943439 1263623 528697 1552807 496382 3729125 478606 5112359 2424812 2198356 ];

