# config: "EMA:1.1.0-APPP,ID:listener09-l,SETUP:KK1,SOUNDDEVICE:USB,SOUNDSTREAM:0,SOUNDCHANNELS:1,2"
target=0.75;minreversals=14;discardreversals=4;minmeasures=25;startvalue=20.00;steps=[4  4  2  1];
threshold = [4.00 ];
values = [20.00 16.00 12.00 8.00 8.00 4.00 16.00 12.00 12.00 12.00 10.00 10.00 10.00 8.00 6.00 4.00 2.00 2.00 2.00 8.00 7.00 7.00 7.00 7.00 6.00 6.00 5.00 4.00 4.00 3.00 3.00 6.00 6.00 9.00 8.00 7.00 7.00 6.00 5.00 4.00 3.00 3.00 3.00 3.00 3.00 3.00 6.00 6.00 5.00 5.00 4.00 4.00 3.00 6.00 5.00 5.00 4.00 7.00 6.00 6.00 6.00 5.00 5.00 4.00 7.00 7.00 6.00 5.00 5.00 4.00 4.00 4.00 4.00 4.00 4.00 3.00 3.00 ];
reversals = [0 0 0 0 0 1 -1 0 0 0 0 0 0 0 0 0 0 0 1 -1 0 0 0 0 0 0 0 0 0 0 1 0 0 -1 0 0 0 0 0 0 0 0 0 0 0 1 0 -1 0 0 0 0 1 -1 0 0 1 -1 0 0 0 0 0 1 0 -1 0 0 0 0 0 0 0 0 0 0 1 ];
measures = [0 0 0 0 0 0 0 0 0 0 0 0 0 0 0 0 0 0 0 0 0 0 0 0 0 0 0 0 0 0 1 1 1 1 1 1 1 1 1 1 1 1 1 1 1 1 1 1 1 1 1 1 1 1 1 1 1 1 1 1 1 1 1 1 1 1 1 1 1 1 1 1 1 1 1 1 1 ];
presentations = [1 1 1 0 1 1 1 0 0 1 0 0 1 1 1 1 0 0 1 1 0 0 0 1 0 1 1 0 1 0 1 0 1 1 1 0 1 1 1 1 0 0 0 0 0 1 0 1 0 1 0 1 1 1 0 1 1 1 0 0 1 0 1 1 0 1 1 0 1 0 0 0 0 0 1 0 1 ];
answers = [1 1 1 0 1 0 1 0 0 1 0 0 1 1 1 1 0 0 0 1 0 0 0 1 0 1 1 0 1 0 0 0 0 1 1 0 1 1 1 1 0 0 0 0 0 0 0 1 0 1 0 1 0 1 0 1 0 1 0 0 1 0 1 0 0 1 1 0 1 0 0 0 0 0 1 0 0 ];
adjustments = [-4 -4 -4 0 -4 12 -4 0 0 -2 0 0 -2 -2 -2 -2 0 0 6 -1 0 0 0 -1 0 -1 -1 0 -1 0 3 0 3 -1 -1 0 -1 -1 -1 -1 0 0 0 0 0 3 0 -1 0 -1 0 -1 3 -1 0 -1 3 -1 0 0 -1 0 -1 3 0 -1 -1 0 -1 0 0 0 0 0 -1 0 3 ];
offsets = [3989986 3008809 21178 3117199 842252 1109783 1734233 3241232 1869252 183712 192701 4181093 3328865 619483 1525813 510268 427033 3466298 3122558 3182188 3008713 1698070 252754 673334 4327419 3228234 2017521 1104473 1101600 4503975 1346183 3897952 2194604 926424 830879 68631 4897887 564391 3207682 252383 2425043 5130293 2569842 1893981 3764 530741 4153884 818757 4397644 467281 2834695 635527 1888130 792345 2725230 2044195 5245380 236200 1018878 4758265 3975869 4889968 1873338 5147935 3580284 4270251 1325174 1657832 4732729 1371069 252264 1906089 818230 1529766 4509054 4891890 516462 ];

