# config: "EMA:1.1.0-APPP,ID:listener09-l,SETUP:KK1,SOUNDDEVICE:USB,SOUNDSTREAM:0,SOUNDCHANNELS:1,2"
target=0.75;minreversals=14;discardreversals=4;minmeasures=25;startvalue=20.00;steps=[4  4  2  1];
threshold = [11.00 ];
values = [20.00 16.00 12.00 8.00 4.00 4.00 4.00 4.00 16.00 16.00 12.00 10.00 8.00 14.00 13.00 13.00 12.00 11.00 15.00 15.00 14.00 14.00 13.00 13.00 13.00 12.00 12.00 12.00 12.00 12.00 11.00 11.00 14.00 14.00 13.00 13.00 13.00 13.00 13.00 13.00 13.00 13.00 13.00 13.00 12.00 12.00 12.00 11.00 11.00 10.00 10.00 9.00 8.00 11.00 15.00 15.00 15.00 15.00 14.00 14.00 14.00 13.00 12.00 11.00 11.00 10.00 10.00 9.00 9.00 9.00 9.00 9.00 9.00 9.00 9.00 8.00 8.00 8.00 11.00 10.00 9.00 8.00 8.00 8.00 8.00 8.00 7.00 7.00 6.00 6.00 9.00 ];
reversals = [0 0 0 0 0 0 0 1 0 -1 0 0 1 -1 0 0 0 1 0 -1 0 0 0 0 0 0 0 0 0 0 0 1 0 -1 0 0 0 0 0 0 0 0 0 0 0 0 0 0 0 0 0 0 1 0 0 0 0 -1 0 0 0 0 0 0 0 0 0 0 0 0 0 0 0 0 0 0 0 1 -1 0 0 0 0 0 0 0 0 0 0 1 -1 ];
measures = [0 0 0 0 0 0 0 0 0 0 0 0 0 0 0 0 0 1 1 1 1 1 1 1 1 1 1 1 1 1 1 1 1 1 1 1 1 1 1 1 1 1 1 1 1 1 1 1 1 1 1 1 1 1 1 1 1 1 1 1 1 1 1 1 1 1 1 1 1 1 1 1 1 1 1 1 1 1 1 1 1 1 1 1 1 1 1 1 1 1 1 ];
presentations = [1 1 1 1 0 0 0 1 0 1 1 1 1 1 0 1 1 0 0 1 0 1 0 0 1 0 0 0 0 1 0 1 0 1 0 0 0 0 0 0 0 0 0 1 0 0 1 0 1 0 1 1 1 0 0 0 0 1 0 0 1 1 1 0 1 0 1 0 0 0 0 0 0 0 1 0 0 1 1 1 1 0 0 0 0 1 0 1 0 1 1 ];
answers = [1 1 1 1 0 0 0 0 0 1 1 1 0 1 0 1 1 1 0 1 0 1 0 0 1 0 0 0 0 1 0 0 0 1 0 0 0 0 0 0 0 0 0 1 0 0 1 0 1 0 1 1 0 1 0 0 0 1 0 0 1 1 1 0 1 0 1 0 0 0 0 0 0 0 1 0 0 0 1 1 1 0 0 0 0 1 0 1 0 0 1 ];
adjustments = [-4 -4 -4 -4 0 0 0 12 0 -4 -2 -2 6 -1 0 -1 -1 4 0 -1 0 -1 0 0 -1 0 0 0 0 -1 0 3 0 -1 0 0 0 0 0 0 0 0 0 -1 0 0 -1 0 -1 0 -1 -1 3 4 0 0 0 -1 0 0 -1 -1 -1 0 -1 0 -1 0 0 0 0 0 0 0 -1 0 0 3 -1 -1 -1 0 0 0 0 -1 0 -1 0 3 -1 ];
offsets = [1705084 540680 187171 2532849 2475947 1339271 1900753 2192562 3835626 1182490 4389425 63394 324476 4231158 719604 1745380 3816837 330455 4973710 1386176 4406995 1108342 478233 3024041 5216298 3400639 2903778 2825326 2560237 2631138 4984666 4083959 3954076 3134434 4343256 3731693 800552 5144908 3598776 4490585 453243 3687279 3030559 1043857 2765574 1915078 4958139 4506456 4265385 4869035 2876042 167176 798442 377424 29238 4303908 3973312 1404572 1554077 4157314 1098335 3611181 3220804 4796538 2000092 3173922 4873416 148849 3364672 4090288 3158990 579891 4762871 2311040 2806991 1182582 2959802 4376954 3140363 1113981 4634692 3287532 2647860 1614918 1613582 2530461 5104767 4020942 1325874 5247536 3990579 ];

