# config: "EMA:1.1.0-APPP,ID:listener09-l,SETUP:KK1,SOUNDDEVICE:USB,SOUNDSTREAM:0,SOUNDCHANNELS:1,2"
target=0.75;minreversals=14;discardreversals=4;minmeasures=25;startvalue=20.00;steps=[4  4  2  1];
threshold = [1.50 ];
values = [20.00 32.00 28.00 24.00 24.00 24.00 20.00 20.00 16.00 12.00 12.00 8.00 4.00 0.00 12.00 12.00 12.00 12.00 12.00 12.00 10.00 10.00 10.00 10.00 9.00 9.00 8.00 7.00 7.00 7.00 7.00 7.00 7.00 6.00 6.00 6.00 6.00 5.00 5.00 5.00 5.00 4.00 3.00 3.00 3.00 2.00 1.00 0.00 -1.00 2.00 1.00 1.00 1.00 1.00 1.00 0.00 0.00 0.00 -1.00 -1.00 2.00 2.00 1.00 1.00 4.00 4.00 4.00 4.00 3.00 2.00 1.00 0.00 3.00 3.00 2.00 2.00 1.00 0.00 0.00 -1.00 -1.00 -1.00 2.00 5.00 5.00 5.00 4.00 4.00 3.00 3.00 2.00 1.00 0.00 0.00 0.00 -1.00 -1.00 -2.00 ];
reversals = [0 -1 0 0 0 0 0 0 0 0 0 0 0 1 0 0 0 0 0 -1 0 0 0 0 0 0 0 0 0 0 0 0 0 0 0 0 0 0 0 0 0 0 0 0 0 0 0 0 1 -1 0 0 0 0 0 0 0 0 0 1 0 -1 0 1 0 0 0 -1 0 0 0 1 0 -1 0 0 0 0 0 0 0 1 0 0 0 -1 0 0 0 0 0 0 0 0 0 0 0 1 ];
measures = [0 0 0 0 0 0 0 0 0 0 0 0 0 0 0 0 0 0 0 0 0 0 0 0 0 0 0 0 0 0 0 0 0 0 0 0 0 0 0 0 0 0 0 0 0 0 0 0 0 1 1 1 1 1 1 1 1 1 1 1 1 1 1 1 1 1 1 1 1 1 1 1 1 1 1 1 1 1 1 1 1 1 1 1 1 1 1 1 1 1 1 1 1 1 1 1 1 1 ];
presentations = [1 1 1 0 0 1 0 1 1 0 1 1 1 1 0 0 0 0 0 1 0 0 0 1 0 1 1 0 0 0 0 0 1 0 0 0 1 0 0 0 1 1 0 0 1 1 1 1 1 1 0 0 0 0 1 0 0 1 0 1 0 1 0 1 0 0 0 1 1 1 1 1 0 1 0 1 1 0 1 0 0 1 1 0 0 1 0 1 0 1 1 1 0 0 1 0 1 1 ];
answers = [0 1 1 0 0 1 0 1 1 0 1 1 1 0 0 0 0 0 0 1 0 0 0 1 0 1 1 0 0 0 0 0 1 0 0 0 1 0 0 0 1 1 0 0 1 1 1 1 0 1 0 0 0 0 1 0 0 1 0 0 0 1 0 0 0 0 0 1 1 1 1 0 0 1 0 1 1 0 1 0 0 0 0 0 0 1 0 1 0 1 1 1 0 0 1 0 1 0 ];
adjustments = [12 -4 -4 0 0 -4 0 -4 -4 0 -4 -4 -4 12 0 0 0 0 0 -2 0 0 0 -1 0 -1 -1 0 0 0 0 0 -1 0 0 0 -1 0 0 0 -1 -1 0 0 -1 -1 -1 -1 3 -1 0 0 0 0 -1 0 0 -1 0 3 0 -1 0 3 0 0 0 -1 -1 -1 -1 3 0 -1 0 -1 -1 0 -1 0 0 3 3 0 0 -1 0 -1 0 -1 -1 -1 0 0 -1 0 -1 3 ];
offsets = [2755194 519315 2420034 3092166 4501605 3461358 927822 3234171 2457921 1778002 1323777 3395586 3892125 3522678 2951143 1460947 2745221 3380432 4238644 4400924 1495739 889765 3680292 2997153 2208303 1482666 3404786 2364246 3461597 1757688 2811682 2751688 3530661 4099774 3552988 1294247 4683381 1704350 1242631 3253090 1136228 2631672 494348 1119293 511258 4515477 4271345 3762679 3168769 4063446 4775432 3082588 832196 2056841 3671487 1710948 792817 3202620 4261287 2385382 3505339 2980098 4239522 4304046 2596774 3315450 979713 1566304 728737 4734016 1979290 3905426 4359100 506118 1632649 559989 867428 4507517 3721858 5186432 4898469 3055124 2604551 721379 3860019 875343 1861229 836891 3415024 463324 4336033 1297385 1774340 1351584 1512295 1381946 2022552 3331712 ];

