# config: "EMA:1.1.0-APPP,ID:listener18-r,SETUP:KK1,SOUNDDEVICE:USB,SOUNDSTREAM:0,SOUNDCHANNELS:1,2"
target=0.50;discardreversals=2;startvalue=0.00;steps=[4  2  1];
threshold = [-4.25 ];
values = [0.00 -2.00 -4.00 2.00 -3.00 -5.50 -4.00 -4.50 -3.00 -5.50 -4.00 -4.50 -2.00 -4.50 -4.00 -5.50 -5.00 -3.50 -2.00 -3.50 ];
reversals = [0 0 1 -1 0 1 -1 1 -1 1 -1 1 -1 1 -1 1 0 0 -1 0 ];
measures = [0 0 0 0 0 1 1 1 1 1 1 1 1 1 1 1 1 1 1 1 ];
presentations = [1 2 3 4 5 6 7 8 9 10 11 12 13 14 15 16 17 18 19 20 ];
answers = [3 3 1 5 5 1 3 1 5 1 3 0 5 2 4 2 1 1 4 4 ];
adjustments = [-2 -2 6 -5 -2.5 1.5 -0.5 1.5 -2.5 1.5 -0.5 2.5 -2.5 0.5 -1.5 0.5 1.5 1.5 -1.5 -1.5 ];
sentences = {'09216' '23081' '74972' '47173' '68819' '51437' '65555' '30757' '86800' '34994' '03491' '16140' '18348' '99308' '92629' '70762' '55025' '87263' '41634' '22586' };
offsets = [7976184 8654404 8455426 7850567 7446742 8647810 8304548 6468922 1511595 1059758 6724479 69138 2874837 2542063 1900968 2094459 3352662 2472965 4984971 4085414 ];

