# config: "EMA:1.1.0-APPP,ID:listener18-r,SETUP:KK1,SOUNDDEVICE:USB,SOUNDSTREAM:0,SOUNDCHANNELS:1,2"
target=0.50;discardreversals=2;startvalue=0.00;steps=[4  2  1];
threshold = [-4.00 ];
values = [0.00 -10.00 0.00 -5.00 -4.50 -3.00 -4.50 -6.00 -5.50 -3.00 -4.50 -6.00 -3.50 -4.00 -3.50 -4.00 -2.50 -5.00 -6.50 -5.00 ];
reversals = [0 1 -1 1 0 -1 0 1 0 -1 0 1 -1 1 -1 1 -1 0 1 -1 ];
measures = [0 0 0 1 1 1 1 1 1 1 1 1 1 1 1 1 1 1 1 1 ];
presentations = [1 2 3 4 5 6 7 8 9 10 11 12 13 14 15 16 17 18 19 20 ];
answers = [5 0 5 2 1 4 4 2 0 4 4 0 3 2 3 1 5 4 1 4 ];
adjustments = [-10 10 -5 0.5 1.5 -1.5 -1.5 0.5 2.5 -1.5 -1.5 2.5 -0.5 0.5 -0.5 1.5 -2.5 -1.5 1.5 -1.5 ];
sentences = {'48832' '29394' '03491' '52988' '99308' '74972' '16140' '22586' '70565' '14040' '41634' '03676' '87263' '30757' '87713' '91451' '66127' '68819' '55025' '35209' };
offsets = [7094816 696386 3905123 7617012 8215624 1201246 2316143 8237658 7302491 99316 4794657 8225970 1445428 2701343 3363583 2077345 5483707 7501340 5554669 293075 ];

