# config: "EMA:1.1.0-APPP,ID:listener18-r,SETUP:KK1,SOUNDDEVICE:USB,SOUNDSTREAM:0,SOUNDCHANNELS:1,2"
target=0.50;discardreversals=2;startvalue=0.00;steps=[4  2  1];
threshold = [-15.00 ];
values = [0.00 -10.00 -20.00 -10.00 -15.00 -14.50 -15.00 -12.50 -15.00 -14.50 -14.00 -13.50 -16.00 -15.50 -16.00 -14.50 -15.00 -17.50 -15.00 -16.50 ];
reversals = [0 0 1 -1 1 -1 1 -1 1 0 0 -1 1 -1 1 -1 0 1 -1 1 ];
measures = [0 0 0 0 1 1 1 1 1 1 1 1 1 1 1 1 1 1 1 1 ];
presentations = [1 2 3 4 5 6 7 8 9 10 11 12 13 14 15 16 17 18 19 20 ];
answers = [5 5 0 5 2 3 0 5 2 2 2 5 2 3 1 3 5 0 4 1 ];
adjustments = [-10 -10 10 -5 0.5 -0.5 2.5 -2.5 0.5 0.5 0.5 -2.5 0.5 -0.5 1.5 -0.5 -2.5 2.5 -1.5 1.5 ];
sentences = {'94067' '51417' '82009' '63558' '80338' '43285' '07970' '78835' '51779' '95162' '18502' '72141' '05413' '26626' '34226' '39994' '46393' '67850' '10681' '29744' };
offsets = [7958492 3229245 2574055 7175684 1781061 7670549 4048602 6233787 1799900 1094323 1833659 5617676 7861767 6249414 432391 6079270 7226316 753751 7922353 4188608 ];

