# config: "EMA:1.1.0-APPP,ID:listener18-r,SETUP:KK1,SOUNDDEVICE:USB,SOUNDSTREAM:0,SOUNDCHANNELS:1,2"
target=0.50;discardreversals=2;startvalue=0.00;steps=[4  2  1];
threshold = [-30.50 ];
values = [0.00 -10.00 -20.00 -26.00 -36.00 -26.00 -23.00 -28.00 -28.50 -31.00 -30.50 -33.00 -30.50 -32.00 -31.50 -31.00 -29.50 -27.00 -28.50 -30.00 ];
reversals = [0 0 0 0 1 0 -1 0 0 1 -1 1 -1 1 0 0 0 -1 0 1 ];
measures = [0 0 0 0 0 0 0 0 0 1 1 1 1 1 1 1 1 1 1 1 ];
presentations = [1 2 3 4 5 6 7 8 9 10 11 12 13 14 15 16 17 18 19 20 ];
answers = [5 5 4 5 0 1 5 3 5 2 5 0 4 2 2 1 0 4 4 1 ];
adjustments = [-10 -10 -6 -10 10 3 -5 -0.5 -2.5 0.5 -2.5 2.5 -1.5 0.5 0.5 1.5 2.5 -1.5 -1.5 1.5 ];
sentences = {'22336' '39994' '67850' '08168' '94067' '45923' '43285' '69009' '26626' '93692' '87470' '11755' '36514' '05413' '70287' '54841' '51779' '80338' '18502' '72141' };
offsets = [4622739 2633368 7122917 3790554 6744261 6018642 1523586 6755544 6183514 7527664 6319341 4333502 6532130 3546367 4247366 7323779 4296442 4165530 552868 2939095 ];

