# config: "EMA:1.1.0-APPP,ID:listener18-r,SETUP:KK1,SOUNDDEVICE:USB,SOUNDSTREAM:0,SOUNDCHANNELS:1,2"
target=0.50;discardreversals=2;startvalue=0.00;steps=[4  2  1];
threshold = [-2.50 ];
values = [0.00 -6.00 4.00 -1.00 -2.50 -2.00 -4.50 -4.00 -4.50 -4.00 -2.50 -5.00 -2.50 -4.00 -2.50 0.00 -2.50 -2.00 -1.50 -3.00 ];
reversals = [0 1 -1 0 1 -1 1 -1 1 0 -1 1 -1 1 0 -1 1 0 -1 1 ];
measures = [0 0 0 0 1 1 1 1 1 1 1 1 1 1 1 1 1 1 1 1 ];
presentations = [1 2 3 4 5 6 7 8 9 10 11 12 13 14 15 16 17 18 19 20 ];
answers = [4 0 5 4 2 5 2 3 2 1 5 0 4 1 0 5 2 2 4 2 ];
adjustments = [-6 10 -5 -1.5 0.5 -2.5 0.5 -0.5 0.5 1.5 -2.5 2.5 -1.5 1.5 2.5 -2.5 0.5 0.5 -1.5 0.5 ];
sentences = {'86800' '76802' '51437' '92629' '18348' '89135' '70762' '47048' '09216' '00456' '24621' '95569' '34994' '47173' '61793' '52277' '65555' '18314' '23081' '33980' };
offsets = [1579275 7667400 4644014 6449055 2268254 2076776 241107 6436768 7500275 8973320 4347710 4253664 1975407 4632636 9152981 2380632 6193953 8137128 906488 4566044 ];

