# config: "EMA:1.1.0-APPP,ID:listener18-r,SETUP:KK1,SOUNDDEVICE:USB,SOUNDSTREAM:0,SOUNDCHANNELS:1,2"
target=0.50;discardreversals=2;startvalue=0.00;steps=[4  2  1];
threshold = [-4.50 ];
values = [0.00 -10.00 0.00 -3.00 -2.50 -2.00 -4.50 -2.00 -2.50 -5.00 -2.50 -5.00 -6.50 -5.00 -5.50 -4.00 -3.50 -6.00 -4.50 -5.00 ];
reversals = [0 1 -1 1 0 -1 1 -1 0 1 -1 0 1 -1 1 0 -1 1 -1 1 ];
measures = [0 0 0 1 1 1 1 1 1 1 1 1 1 1 1 1 1 1 1 1 ];
presentations = [1 2 3 4 5 6 7 8 9 10 11 12 13 14 15 16 17 18 19 20 ];
answers = [5 0 4 2 2 5 0 3 5 0 5 4 1 3 1 2 5 1 3 1 ];
adjustments = [-10 10 -3 0.5 0.5 -2.5 2.5 -0.5 -2.5 2.5 -2.5 -1.5 1.5 -0.5 1.5 0.5 -2.5 1.5 -0.5 1.5 ];
sentences = {'21080' '09216' '34994' '50976' '69444' '86800' '92629' '70762' '51437' '85813' '23081' '44697' '12339' '98162' '47173' '65555' '18348' '06251' '77705' '33528' };
offsets = [5044321 9844737 3719844 1301070 7464004 517907 6056538 4524906 8145974 4843251 6269054 4515954 7684103 1262787 6041445 7656114 8489960 9815535 9585263 7057546 ];

