# config: "EMA:1.1.0-APPP,ID:listener18-r,SETUP:KK1,SOUNDDEVICE:USB,SOUNDSTREAM:0,SOUNDCHANNELS:1,2"
target=0.50;discardreversals=2;startvalue=0.00;steps=[4  2  1];
threshold = [-35.00 ];
values = [0.00 -10.00 -20.00 -30.00 -40.00 -30.00 -35.00 -33.50 -33.00 -35.50 -34.00 -33.50 -31.00 -33.50 -36.00 -34.50 -34.00 -36.50 -34.00 -35.50 ];
reversals = [0 0 0 0 1 -1 1 0 -1 1 0 0 -1 0 1 0 -1 1 -1 1 ];
measures = [0 0 0 0 0 0 1 1 1 1 1 1 1 1 1 1 1 1 1 1 ];
presentations = [1 2 3 4 5 6 7 8 9 10 11 12 13 14 15 16 17 18 19 20 ];
answers = [5 5 5 5 0 5 1 2 5 1 2 0 5 5 1 2 5 0 4 1 ];
adjustments = [-10 -10 -10 -10 10 -5 1.5 0.5 -2.5 1.5 0.5 2.5 -2.5 -2.5 1.5 0.5 -2.5 2.5 -1.5 1.5 ];
sentences = {'52277' '47048' '89364' '76802' '76600' '18314' '15952' '02737' '68271' '51195' '61793' '44529' '00456' '37886' '90013' '33980' '24621' '89135' '23448' '95569' };
offsets = [3735724 5024578 7019983 6696867 314393 2937080 7498822 276379 6462260 385623 5407375 547904 4819077 7100261 3910346 1392400 2008910 5230068 5098751 1819628 ];

