# config: "EMA:1.1.0-APPP,ID:listener18-r,SETUP:KK1,SOUNDDEVICE:USB,SOUNDSTREAM:0,SOUNDCHANNELS:1,2"
target=0.50;discardreversals=2;startvalue=0.00;steps=[4  2  1];
threshold = [-31.50 ];
values = [0.00 -10.00 -20.00 -30.00 -40.00 -30.00 -29.00 -34.00 -31.50 -29.00 -31.50 -31.00 -28.50 -30.00 -32.50 -30.00 -31.50 -32.00 -30.50 -29.00 ];
reversals = [0 0 0 0 1 0 -1 1 0 -1 1 0 -1 0 1 -1 0 1 0 0 ];
measures = [0 0 0 0 0 0 0 1 1 1 1 1 1 1 1 1 1 1 1 1 ];
presentations = [1 2 3 4 5 6 7 8 9 10 11 12 13 14 15 16 17 18 19 20 ];
answers = [5 5 5 5 0 2 5 0 0 5 2 0 4 5 0 4 3 1 1 2 ];
adjustments = [-10 -10 -10 -10 10 1 -5 2.5 2.5 -2.5 0.5 2.5 -1.5 -2.5 2.5 -1.5 -0.5 1.5 1.5 0.5 ];
sentences = {'08168' '54841' '51417' '78835' '95162' '93692' '87470' '36514' '10681' '11755' '34226' '63558' '70287' '82009' '22336' '07970' '69009' '45923' '29744' '46393' };
offsets = [4714883 437961 5602027 7417600 3616863 943507 6022110 3768762 5496786 4742835 3568111 285577 5634668 3829073 672959 4958617 159477 7288646 6607888 2014347 ];

