# config: "EMA:1.1.0-APPP,ID:listener18-r,SETUP:KK1,SOUNDDEVICE:USB,SOUNDSTREAM:0,SOUNDCHANNELS:1,2"
target=0.50;discardreversals=2;startvalue=0.00;steps=[4  2  1];
threshold = [-5.00 ];
values = [0.00 -10.00 0.00 -5.00 -3.50 -6.00 -4.50 -6.00 -3.50 -6.00 -8.50 -6.00 -5.50 -3.00 -5.50 -7.00 -5.50 -5.00 -6.50 -8.00 ];
reversals = [0 1 -1 1 -1 1 -1 1 -1 0 1 0 0 -1 0 1 0 -1 0 1 ];
measures = [0 0 0 1 1 1 1 1 1 1 1 1 1 1 1 1 1 1 1 1 ];
presentations = [1 2 3 4 5 6 7 8 9 10 11 12 13 14 15 16 17 18 19 20 ];
answers = [5 0 5 1 5 1 4 0 5 5 0 2 0 5 4 1 2 4 4 1 ];
adjustments = [-10 10 -5 1.5 -2.5 1.5 -1.5 2.5 -2.5 -2.5 2.5 0.5 2.5 -2.5 -1.5 1.5 0.5 -1.5 -1.5 1.5 ];
sentences = {'14040' '47048' '91451' '52277' '35209' '29394' '61793' '87713' '52988' '24621' '03676' '00456' '18314' '48832' '95569' '89135' '66127' '70565' '76802' '33980' };
offsets = [151910 391593 4126463 6355137 7058314 9615087 1570151 5821778 803375 1035062 541152 8977578 3093549 8565080 9559448 4484287 2474879 7942717 5325325 5388735 ];

