# config: "EMA:1.1.0-APPP,ID:listener18-r,SETUP:KK1,SOUNDDEVICE:USB,SOUNDSTREAM:0,SOUNDCHANNELS:1,2"
target=0.50;discardreversals=2;startvalue=0.00;steps=[4  2  1];
threshold = [-8.50 ];
values = [0.00 -10.00 -12.00 -14.00 -4.00 -9.00 -7.50 -7.00 -9.50 -11.00 -11.50 -13.00 -10.50 -10.00 -7.50 -9.00 -10.50 -8.00 -8.50 -9.00 ];
reversals = [0 0 0 1 -1 1 0 -1 0 0 0 1 0 0 -1 0 1 -1 0 0 ];
measures = [0 0 0 0 0 1 1 1 1 1 1 1 1 1 1 1 1 1 1 1 ];
presentations = [1 2 3 4 5 6 7 8 9 10 11 12 13 14 15 16 17 18 19 20 ];
answers = [5 3 3 0 5 1 2 5 4 3 4 0 2 0 4 4 0 3 3 5 ];
adjustments = [-10 -2 -2 10 -5 1.5 0.5 -2.5 -1.5 -0.5 -1.5 2.5 0.5 2.5 -1.5 -1.5 2.5 -0.5 -0.5 -2.5 ];
sentences = {'95162' '10681' '02737' '07970' '44529' '46393' '89364' '34226' '68271' '37886' '82009' '51195' '63558' '76600' '15952' '78835' '29744' '90013' '23448' '51417' };
offsets = [7241793 4510748 6717721 3844658 1835639 1466992 1770924 3974659 1807753 7820867 7976657 6213727 6091714 6286981 5381793 4916365 3960527 3358330 281019 7447932 ];

