# config: "EMA:1.1.0-APPP,ID:listener18-r,SETUP:KK1,SOUNDDEVICE:USB,SOUNDSTREAM:0,SOUNDCHANNELS:1,2"
target=0.50;discardreversals=2;startvalue=0.00;steps=[4  2  1];
threshold = [-12.50 ];
values = [0.00 -10.00 -12.00 -14.00 -12.00 -15.00 -12.50 -10.00 -11.50 -13.00 -12.50 -13.00 -12.50 -13.00 -10.50 -13.00 -11.50 -10.00 -9.50 -10.00 ];
reversals = [0 0 0 1 -1 1 0 -1 0 1 -1 1 -1 1 -1 1 0 0 -1 1 ];
measures = [0 0 0 0 0 1 1 1 1 1 1 1 1 1 1 1 1 1 1 1 ];
presentations = [1 2 3 4 5 6 7 8 9 10 11 12 13 14 15 16 17 18 19 20 ];
answers = [5 3 3 2 4 0 0 4 4 2 3 2 3 0 5 1 1 2 3 2 ];
adjustments = [-10 -2 -2 2 -3 2.5 2.5 -1.5 -1.5 0.5 -0.5 0.5 -0.5 2.5 -2.5 1.5 1.5 0.5 -0.5 0.5 ];
sentences = {'80338' '05413' '43285' '87713' '72141' '39994' '91451' '14040' '70565' '66127' '51779' '52988' '18502' '35209' '48832' '67850' '29394' '94067' '03676' '26626' };
offsets = [7149962 4119071 6538502 3852023 4537055 861502 3788252 4348551 7085613 5469625 1861947 2602358 6442867 2925870 917152 3447553 646632 8298391 7019107 3724935 ];

