# config: "EMA:1.1.0-APPP,ID:listener18-r,SETUP:KK1,SOUNDDEVICE:USB,SOUNDSTREAM:0,SOUNDCHANNELS:1,2"
target=0.50;discardreversals=2;startvalue=0.00;steps=[4  2  1];
threshold = [-3.50 ];
values = [0.00 2.00 -8.00 -3.00 -0.50 -3.00 -4.50 -3.00 -2.50 -3.00 -4.50 -3.00 -0.50 -3.00 -4.50 -4.00 -2.50 -5.00 -5.50 -6.00 ];
reversals = [0 -1 1 0 -1 0 1 0 -1 0 1 0 -1 0 1 0 -1 0 0 1 ];
measures = [0 0 0 0 1 1 1 1 1 1 1 1 1 1 1 1 1 1 1 1 ];
presentations = [1 2 3 4 5 6 7 8 9 10 11 12 13 14 15 16 17 18 19 20 ];
answers = [2 5 0 0 5 4 1 2 3 4 1 0 5 4 2 1 5 3 3 0 ];
adjustments = [2 -10 5 2.5 -2.5 -1.5 1.5 0.5 -0.5 -1.5 1.5 2.5 -2.5 -1.5 0.5 1.5 -2.5 -0.5 -0.5 2.5 ];
sentences = {'18348' '24621' '47048' '70762' '09216' '47173' '33980' '34994' '95569' '65555' '52277' '00456' '51437' '61793' '89135' '18314' '76802' '92629' '23081' '86800' };
offsets = [4938424 5352277 4164160 5505500 7209139 6853790 5273881 3536591 3266715 4357611 5399184 2232233 8487728 3936301 7338089 342448 8591749 7215455 1273664 1605141 ];

