# config: "EMA:1.1.0-APPP,ID:listener18-r,SETUP:KK1,SOUNDDEVICE:USB,SOUNDSTREAM:0,SOUNDCHANNELS:1,2"
target=0.50;discardreversals=2;startvalue=0.00;steps=[4  2  1];
threshold = [-35.00 ];
values = [0.00 -10.00 -20.00 -30.00 -36.00 -30.00 -35.00 -32.50 -31.00 -32.50 -35.00 -34.50 -33.00 -30.50 -28.00 -28.50 -31.00 -33.50 -35.00 -35.50 ];
reversals = [0 0 0 0 1 -1 1 0 -1 0 1 0 0 0 -1 0 0 0 0 1 ];
measures = [0 0 0 0 0 0 1 1 1 1 1 1 1 1 1 1 1 1 1 1 ];
presentations = [1 2 3 4 5 6 7 8 9 10 11 12 13 14 15 16 17 18 19 20 ];
answers = [5 5 5 4 1 5 0 1 4 5 2 1 0 0 3 5 5 4 3 0 ];
adjustments = [-10 -10 -10 -6 6 -5 2.5 1.5 -1.5 -2.5 0.5 1.5 2.5 2.5 -0.5 -2.5 -2.5 -1.5 -0.5 2.5 ];
sentences = {'89135' '51779' '95569' '67850' '18502' '72141' '76802' '94067' '00456' '18314' '26626' '39994' '80338' '05413' '61793' '43285' '52277' '24621' '47048' '33980' };
offsets = [3800368 7042003 2692997 6661123 4909056 431030 1616917 1747618 1046512 6705527 1040089 4057048 6065648 6800646 4526367 6333079 6455607 5753411 3538330 3225669 ];

