# config: "EMA:1.1.0-APPP,ID:listener18-r,SETUP:KK1,SOUNDDEVICE:USB,SOUNDSTREAM:0,SOUNDCHANNELS:1,2"
target=0.50;discardreversals=2;startvalue=0.00;steps=[4  2  1];
threshold = [-14.50 ];
values = [0.00 -10.00 -20.00 -10.00 -9.00 -14.00 -14.50 -14.00 -11.50 -14.00 -16.50 -15.00 -13.50 -11.00 -12.50 -15.00 -17.50 -15.00 -14.50 -15.00 ];
reversals = [0 0 1 0 -1 0 1 0 -1 0 1 0 0 -1 0 0 1 0 -1 1 ];
measures = [0 0 0 0 0 0 1 1 1 1 1 1 1 1 1 1 1 1 1 1 ];
presentations = [1 2 3 4 5 6 7 8 9 10 11 12 13 14 15 16 17 18 19 20 ];
answers = [5 5 0 2 5 3 2 0 5 5 1 1 0 4 5 5 0 2 3 1 ];
adjustments = [-10 -10 10 1 -5 -0.5 0.5 2.5 -2.5 -2.5 1.5 1.5 2.5 -1.5 -2.5 -2.5 2.5 0.5 -0.5 1.5 ];
sentences = {'03491' '51417' '30757' '99308' '22586' '10681' '41634' '16140' '63558' '82009' '46393' '07970' '95162' '87263' '68819' '55025' '34226' '78835' '29744' '74972' };
offsets = [7313653 3032272 5733121 6724552 7580045 5334084 8756250 6952950 5686518 8518578 9039528 536874 3218969 5115158 4487509 3083197 8335581 9491329 9541708 5686102 ];

