# config: "EMA:1.1.0-APPP,ID:listener18-r,SETUP:KK1,SOUNDDEVICE:USB,SOUNDSTREAM:0,SOUNDCHANNELS:1,2"
target=0.50;discardreversals=2;startvalue=0.00;steps=[4  2  1];
threshold = [-10.25 ];
values = [0.00 -10.00 -12.00 -2.00 -5.00 -7.50 -10.00 -11.50 -9.00 -8.50 -10.00 -9.50 -10.00 -9.50 -11.00 -11.50 -13.00 -10.50 -12.00 -10.50 ];
reversals = [0 0 1 -1 0 0 0 1 0 -1 1 -1 1 -1 0 0 1 -1 1 -1 ];
measures = [0 0 0 0 0 0 0 1 1 1 1 1 1 1 1 1 1 1 1 1 ];
presentations = [1 2 3 4 5 6 7 8 9 10 11 12 13 14 15 16 17 18 19 20 ];
answers = [5 3 0 4 5 5 4 0 2 4 2 3 2 4 3 4 0 4 1 5 ];
adjustments = [-10 -2 10 -3 -2.5 -2.5 -1.5 2.5 0.5 -1.5 0.5 -0.5 0.5 -1.5 -0.5 -1.5 2.5 -1.5 1.5 -2.5 ];
sentences = {'87713' '52988' '51437' '92629' '18348' '86800' '47173' '29394' '65555' '14040' '03676' '23081' '34994' '70565' '09216' '48832' '66127' '35209' '70762' '91451' };
offsets = [8060631 2218496 6278603 8305313 7793545 4712156 4489214 2617807 3878464 941952 7269400 839996 7854720 5816389 2604842 2056048 1274296 642769 4057821 5536858 ];

