# config: "EMA:1.1.0-APPP,ID:listener18-r,SETUP:KK1,SOUNDDEVICE:USB,SOUNDSTREAM:0,SOUNDCHANNELS:1,2"
target=0.75;minreversals=14;discardreversals=4;minmeasures=25;startvalue=20.00;steps=[4  4  2  1];
threshold = [6.00 ];
values = [20.00 16.00 12.00 8.00 8.00 20.00 20.00 20.00 16.00 16.00 16.00 14.00 12.00 10.00 8.00 6.00 6.00 6.00 6.00 12.00 11.00 10.00 10.00 10.00 9.00 8.00 8.00 11.00 10.00 9.00 8.00 7.00 6.00 6.00 6.00 9.00 8.00 7.00 7.00 7.00 6.00 5.00 5.00 5.00 4.00 4.00 3.00 6.00 5.00 5.00 5.00 4.00 3.00 3.00 6.00 5.00 5.00 5.00 4.00 3.00 3.00 2.00 2.00 2.00 5.00 4.00 4.00 ];
reversals = [0 0 0 0 1 0 0 -1 0 0 0 0 0 0 0 0 0 0 1 -1 0 0 0 0 0 0 1 -1 0 0 0 0 0 0 1 -1 0 0 0 0 0 0 0 0 0 0 1 -1 0 0 0 0 0 1 -1 0 0 0 0 0 0 0 0 1 -1 0 0 ];
measures = [0 0 0 0 0 0 0 0 0 0 0 0 0 0 0 0 0 0 0 0 0 0 0 0 0 0 1 1 1 1 1 1 1 1 1 1 1 1 1 1 1 1 1 1 1 1 1 1 1 1 1 1 1 1 1 1 1 1 1 1 1 1 1 1 1 1 1 ];
presentations = [1 1 1 0 1 0 0 1 0 0 1 1 1 1 1 0 0 0 1 1 1 0 0 1 1 0 1 1 1 1 1 1 0 0 1 1 1 0 0 1 1 0 0 1 0 1 1 1 0 0 1 1 0 1 1 0 0 1 1 0 1 0 0 1 1 0 1 ];
answers = [1 1 1 0 0 0 0 1 0 0 1 1 1 1 1 0 0 0 0 1 1 0 0 1 1 0 0 1 1 1 1 1 0 0 0 1 1 0 0 1 1 0 0 1 0 1 0 1 0 0 1 1 0 0 1 0 0 1 1 0 1 0 0 0 1 0 1 ];
adjustments = [-4 -4 -4 0 12 0 0 -4 0 0 -2 -2 -2 -2 -2 0 0 0 6 -1 -1 0 0 -1 -1 0 3 -1 -1 -1 -1 -1 0 0 3 -1 -1 0 0 -1 -1 0 0 -1 0 -1 3 -1 0 0 -1 -1 0 3 -1 0 0 -1 -1 0 -1 0 0 3 -1 0 -1 ];
offsets = [2704868 3168131 2518755 1692021 2736950 3840237 148562 2619122 3558128 4669891 4904134 1205205 1387130 4562652 1803726 2656239 3605718 2788731 1878599 3056423 1024736 839076 2896715 893762 4063224 3705976 3043051 443157 3997575 2480097 4574341 2675575 2699944 3815339 2366351 2594230 317506 2384192 404422 2901211 3376636 730721 1582259 2758783 4798785 260396 3318823 459727 3841540 3714368 885239 4819738 4300656 2591771 2113926 2221365 4035688 847938 615771 3922136 3428867 714209 1033795 1675926 389410 2572875 3750394 ];

