# config: "EMA:1.1.0-APPP,ID:listener18-r,SETUP:KK1,SOUNDDEVICE:USB,SOUNDSTREAM:0,SOUNDCHANNELS:1,2"
target=0.75;minreversals=14;discardreversals=4;minmeasures=25;startvalue=20.00;steps=[4  4  2  1];
threshold = [4.50 ];
values = [20.00 16.00 12.00 8.00 4.00 4.00 4.00 0.00 0.00 0.00 0.00 0.00 12.00 12.00 12.00 12.00 8.00 6.00 4.00 4.00 4.00 2.00 8.00 8.00 8.00 7.00 6.00 6.00 6.00 5.00 9.00 9.00 9.00 9.00 8.00 8.00 7.00 6.00 5.00 5.00 4.00 4.00 4.00 8.00 8.00 7.00 7.00 7.00 6.00 6.00 10.00 14.00 13.00 13.00 12.00 12.00 11.00 10.00 10.00 9.00 9.00 8.00 7.00 7.00 6.00 5.00 5.00 4.00 3.00 3.00 3.00 3.00 3.00 2.00 2.00 2.00 1.00 1.00 1.00 1.00 0.00 0.00 -1.00 2.00 1.00 4.00 ];
reversals = [0 0 0 0 0 0 0 0 0 0 0 1 0 0 0 -1 0 0 0 0 0 1 0 0 -1 0 0 0 0 1 0 0 0 -1 0 0 0 0 0 0 0 0 1 0 -1 0 0 0 0 1 0 -1 0 0 0 0 0 0 0 0 0 0 0 0 0 0 0 0 0 0 0 0 0 0 0 0 0 0 0 0 0 0 1 -1 1 -1 ];
measures = [0 0 0 0 0 0 0 0 0 0 0 0 0 0 0 0 0 0 0 0 0 0 0 0 0 0 0 0 0 1 1 1 1 1 1 1 1 1 1 1 1 1 1 1 1 1 1 1 1 1 1 1 1 1 1 1 1 1 1 1 1 1 1 1 1 1 1 1 1 1 1 1 1 1 1 1 1 1 1 1 1 1 1 1 1 1 ];
presentations = [1 1 1 1 0 0 1 0 0 0 0 1 0 0 0 1 1 1 0 0 1 1 0 0 1 1 0 0 1 0 0 0 0 1 0 1 1 1 0 1 0 0 0 0 1 0 0 1 0 0 0 1 0 1 0 1 1 0 1 0 1 1 0 1 1 0 1 1 0 0 0 0 1 0 0 1 0 0 0 1 0 1 1 1 1 1 ];
answers = [1 1 1 1 0 0 1 0 0 0 0 0 0 0 0 1 1 1 0 0 1 0 0 0 1 1 0 0 1 1 0 0 0 1 0 1 1 1 0 1 0 0 1 0 1 0 0 1 0 1 1 1 0 1 0 1 1 0 1 0 1 1 0 1 1 0 1 1 0 0 0 0 1 0 0 1 0 0 0 1 0 1 0 1 0 1 ];
adjustments = [-4 -4 -4 -4 0 0 -4 0 0 0 0 12 0 0 0 -4 -2 -2 0 0 -2 6 0 0 -1 -1 0 0 -1 4 0 0 0 -1 0 -1 -1 -1 0 -1 0 0 4 0 -1 0 0 -1 0 4 4 -1 0 -1 0 -1 -1 0 -1 0 -1 -1 0 -1 -1 0 -1 -1 0 0 0 0 -1 0 0 -1 0 0 0 -1 0 -1 3 -1 3 -1 ];
offsets = [3837229 3300615 4147062 57169 1000807 3327867 1206114 3189676 1862830 817168 1518598 1024321 2398769 3364270 3689873 203160 2795217 4849288 4846415 2596980 2345425 4091365 629545 1451386 2270342 520219 1247285 3676642 2138284 306309 4542906 568011 4908322 3392412 1080437 3125900 2087783 3872800 3167184 2197246 4059646 1177532 4479742 3658549 1920392 3113699 451330 896915 1691685 2646088 463692 724945 1798195 106391 4275924 3360126 3905487 1796361 3220563 4346943 195881 4698942 4417786 3384603 3196607 3878713 2514689 3048679 2896118 4619921 3592869 1475998 1627039 3448711 2193071 4670618 4495173 3029526 1507558 4639348 4510091 3176831 2756478 1314159 4533961 3247159 ];

