# config: "EMA:1.1.0-APPP,ID:listener18-r,SETUP:KK1,SOUNDDEVICE:USB,SOUNDSTREAM:0,SOUNDCHANNELS:1,2"
target=0.75;minreversals=14;discardreversals=4;minmeasures=25;startvalue=20.00;steps=[4  4  2  1];
threshold = [1.00 ];
values = [20.00 16.00 12.00 8.00 8.00 8.00 4.00 4.00 4.00 4.00 0.00 0.00 0.00 0.00 0.00 -4.00 -4.00 8.00 4.00 10.00 9.00 9.00 8.00 7.00 6.00 5.00 5.00 5.00 4.00 3.00 2.00 2.00 2.00 2.00 2.00 1.00 1.00 1.00 1.00 1.00 1.00 1.00 0.00 0.00 -1.00 -1.00 2.00 2.00 1.00 0.00 -1.00 -2.00 1.00 1.00 1.00 1.00 0.00 0.00 0.00 -1.00 2.00 1.00 1.00 1.00 4.00 3.00 3.00 3.00 3.00 2.00 1.00 1.00 1.00 1.00 1.00 0.00 3.00 6.00 5.00 5.00 5.00 5.00 4.00 4.00 3.00 3.00 3.00 2.00 2.00 1.00 1.00 1.00 1.00 1.00 0.00 0.00 0.00 -1.00 ];
reversals = [0 0 0 0 0 0 0 0 0 0 0 0 0 0 0 0 1 -1 1 -1 0 0 0 0 0 0 0 0 0 0 0 0 0 0 0 0 0 0 0 0 0 0 0 0 0 1 0 -1 0 0 0 1 0 0 0 -1 0 0 0 1 -1 0 0 1 -1 0 0 0 0 0 0 0 0 0 0 1 0 -1 0 0 0 0 0 0 0 0 0 0 0 0 0 0 0 0 0 0 0 1 ];
measures = [0 0 0 0 0 0 0 0 0 0 0 0 0 0 0 0 0 0 0 0 0 0 0 0 0 0 0 0 0 0 0 0 0 0 0 0 0 0 0 0 0 0 0 0 0 1 1 1 1 1 1 1 1 1 1 1 1 1 1 1 1 1 1 1 1 1 1 1 1 1 1 1 1 1 1 1 1 1 1 1 1 1 1 1 1 1 1 1 1 1 1 1 1 1 1 1 1 1 ];
presentations = [1 1 1 0 0 1 0 0 0 1 0 0 0 0 1 0 1 1 1 1 0 1 1 1 1 0 0 1 1 1 0 0 0 0 1 0 0 0 0 0 0 1 0 1 0 1 0 1 1 1 1 1 0 0 0 1 0 0 1 1 1 0 0 1 1 0 0 0 1 1 0 0 0 0 1 1 1 1 0 0 0 1 0 1 0 0 1 0 1 0 0 0 0 1 0 0 1 1 ];
answers = [1 1 1 0 0 1 0 0 0 1 0 0 0 0 1 0 0 1 0 1 0 1 1 1 1 0 0 1 1 1 0 0 0 0 1 0 0 0 0 0 0 1 0 1 0 0 0 1 1 1 1 0 0 0 0 1 0 0 1 0 1 0 0 0 1 0 0 0 1 1 0 0 0 0 1 0 0 1 0 0 0 1 0 1 0 0 1 0 1 0 0 0 0 1 0 0 1 0 ];
adjustments = [-4 -4 -4 0 0 -4 0 0 0 -4 0 0 0 0 -4 0 12 -4 6 -1 0 -1 -1 -1 -1 0 0 -1 -1 -1 0 0 0 0 -1 0 0 0 0 0 0 -1 0 -1 0 3 0 -1 -1 -1 -1 3 0 0 0 -1 0 0 -1 3 -1 0 0 3 -1 0 0 0 -1 -1 0 0 0 0 -1 3 3 -1 0 0 0 -1 0 -1 0 0 -1 0 -1 0 0 0 0 -1 0 0 -1 3 ];
offsets = [4785197 3815908 381479 3820161 3070871 3827479 4102984 310145 2572160 8611 1730571 5161949 4156153 4886205 3488934 4017364 4791218 1645743 3556768 1698600 1074860 5146998 5093497 1614607 5025687 2417460 1313749 1370573 4920172 2734247 552953 845075 336961 4927943 3063842 4354332 618552 2615708 2590748 4119512 3912260 2780746 3774060 303895 3142580 4436507 1079437 2366219 3248992 362391 474055 3848298 4684467 3499032 4290469 1752000 1946436 4720386 2683767 1109612 3163711 1873361 4594732 2987579 2840714 2637005 1811815 149075 3573897 1993406 3611339 594186 4582260 5179987 4707433 2796633 516598 4529915 3961628 1512705 659648 2289715 4714286 4155716 3594977 4852446 2057205 4374141 423000 2438901 1090844 1047932 383780 2345665 1364590 984371 2136988 4635899 ];

