# config: "EMA:1.1.0-APPP,ID:listener18-r,SETUP:KK1,SOUNDDEVICE:USB,SOUNDSTREAM:0,SOUNDCHANNELS:1,2"
target=0.75;minreversals=14;discardreversals=4;minmeasures=25;startvalue=20.00;steps=[4  4  2  1];
threshold = [12.00 ];
values = [20.00 16.00 12.00 8.00 24.00 40.00 36.00 34.00 32.00 30.00 30.00 28.00 26.00 24.00 24.00 24.00 22.00 22.00 22.00 20.00 18.00 18.00 18.00 18.00 18.00 16.00 24.00 23.00 23.00 23.00 22.00 22.00 21.00 20.00 20.00 19.00 19.00 18.00 17.00 16.00 15.00 14.00 13.00 13.00 13.00 13.00 13.00 12.00 12.00 12.00 12.00 12.00 12.00 12.00 12.00 12.00 11.00 11.00 11.00 10.00 9.00 9.00 12.00 12.00 11.00 10.00 10.00 10.00 13.00 13.00 12.00 12.00 12.00 11.00 14.00 14.00 13.00 13.00 12.00 16.00 15.00 14.00 13.00 12.00 16.00 16.00 15.00 14.00 13.00 13.00 12.00 15.00 15.00 14.00 14.00 13.00 12.00 11.00 11.00 11.00 10.00 9.00 9.00 ];
reversals = [0 0 0 1 0 -1 0 0 0 0 0 0 0 0 0 0 0 0 0 0 0 0 0 0 0 1 -1 0 0 0 0 0 0 0 0 0 0 0 0 0 0 0 0 0 0 0 0 0 0 0 0 0 0 0 0 0 0 0 0 0 0 1 0 -1 0 0 0 1 0 -1 0 0 0 1 0 -1 0 0 1 -1 0 0 0 1 0 -1 0 0 0 0 1 0 -1 0 0 0 0 0 0 0 0 0 1 ];
measures = [0 0 0 0 0 0 0 0 0 0 0 0 0 0 0 0 0 0 0 0 0 0 0 0 0 0 0 0 0 0 0 0 0 0 0 0 0 0 0 0 0 0 0 0 0 0 0 0 0 0 0 0 0 0 0 0 0 0 0 0 0 1 1 1 1 1 1 1 1 1 1 1 1 1 1 1 1 1 1 1 1 1 1 1 1 1 1 1 1 1 1 1 1 1 1 1 1 1 1 1 1 1 1 ];
presentations = [1 1 1 0 0 1 1 1 1 0 1 1 1 0 0 1 0 0 1 1 0 0 0 0 1 0 1 0 0 1 0 1 1 0 1 0 1 1 1 1 1 1 0 0 0 0 1 0 0 0 0 0 0 0 0 1 0 0 1 1 0 1 0 1 1 0 0 1 0 1 0 0 1 1 0 1 0 1 0 1 1 1 1 0 0 1 1 1 0 1 1 0 1 0 1 1 1 0 0 1 1 0 1 ];
answers = [1 1 1 1 1 1 1 1 1 0 1 1 1 0 0 1 0 0 1 1 0 0 0 0 1 1 1 0 0 1 0 1 1 0 1 0 1 1 1 1 1 1 0 0 0 0 1 0 0 0 0 0 0 0 0 1 0 0 1 1 0 0 0 1 1 0 0 0 0 1 0 0 1 0 0 1 0 1 1 1 1 1 1 1 0 1 1 1 0 1 0 0 1 0 1 1 1 0 0 1 1 0 0 ];
adjustments = [-4 -4 -4 16 16 -4 -2 -2 -2 0 -2 -2 -2 0 0 -2 0 0 -2 -2 0 0 0 0 -2 8 -1 0 0 -1 0 -1 -1 0 -1 0 -1 -1 -1 -1 -1 -1 0 0 0 0 -1 0 0 0 0 0 0 0 0 -1 0 0 -1 -1 0 3 0 -1 -1 0 0 3 0 -1 0 0 -1 3 0 -1 0 -1 4 -1 -1 -1 -1 4 0 -1 -1 -1 0 -1 3 0 -1 0 -1 -1 -1 0 0 -1 -1 0 3 ];
offsets = [5180371 2000167 2951987 3961007 637233 3975958 3777326 5061835 4166449 2719090 393529 1422068 3619901 2708673 2425874 5116481 529538 2987193 901167 3065492 5002741 5094806 2983752 963787 4816601 4922681 3145499 640222 4756594 3464733 3464748 4566912 5078798 2440616 3190355 2465218 2144028 4945274 5190854 4538750 5143023 3730229 1678483 2504050 191444 436582 2265409 2043841 1305500 3541637 44186 3186024 1193379 2040529 4937026 2152580 3816212 4721336 4428170 3239698 4239088 2440414 2594226 1908752 791165 263707 1404380 2850410 988844 534499 3785241 1359158 1926519 4241491 5070673 2908585 2820568 3239011 2064030 2307201 1343522 3806270 3797285 26759 260009 3977112 392061 1598771 2622483 3858919 968408 296461 1704990 3006251 1494035 3639597 323282 702956 412903 591999 3083741 4062304 3126279 ];

