# config: "EMA:1.1.0-APPP,ID:listener18-r,SETUP:KK1,SOUNDDEVICE:USB,SOUNDSTREAM:0,SOUNDCHANNELS:1,2"
target=0.75;minreversals=14;discardreversals=4;minmeasures=25;startvalue=20.00;steps=[4  4  2  1];
threshold = [0.00 ];
values = [20.00 16.00 12.00 8.00 8.00 4.00 4.00 0.00 12.00 12.00 12.00 12.00 12.00 12.00 12.00 8.00 6.00 6.00 4.00 2.00 2.00 2.00 2.00 0.00 0.00 0.00 -2.00 4.00 4.00 4.00 3.00 3.00 2.00 2.00 1.00 0.00 0.00 0.00 3.00 3.00 2.00 2.00 5.00 4.00 3.00 2.00 1.00 0.00 0.00 0.00 0.00 0.00 0.00 -1.00 -1.00 -1.00 -2.00 -2.00 -2.00 -3.00 -4.00 -1.00 2.00 2.00 1.00 1.00 1.00 0.00 0.00 -1.00 -2.00 -3.00 0.00 0.00 -1.00 -2.00 -2.00 -2.00 -3.00 0.00 0.00 ];
reversals = [0 0 0 0 0 0 0 1 0 0 0 0 0 0 -1 0 0 0 0 0 0 0 0 0 0 0 1 0 0 -1 0 0 0 0 0 0 0 1 0 -1 0 1 -1 0 0 0 0 0 0 0 0 0 0 0 0 0 0 0 0 0 1 0 0 -1 0 0 0 0 0 0 0 1 0 -1 0 0 0 0 1 0 -1 ];
measures = [0 0 0 0 0 0 0 0 0 0 0 0 0 0 0 0 0 0 0 0 0 0 0 0 0 0 0 0 0 0 0 0 0 0 0 0 0 1 1 1 1 1 1 1 1 1 1 1 1 1 1 1 1 1 1 1 1 1 1 1 1 1 1 1 1 1 1 1 1 1 1 1 1 1 1 1 1 1 1 1 1 ];
presentations = [1 1 1 0 1 0 1 1 0 0 0 0 0 0 1 1 0 1 1 0 0 0 1 0 0 1 1 0 0 1 0 1 0 1 1 0 0 1 0 1 0 1 1 1 1 1 1 0 0 0 0 0 1 0 0 1 0 0 1 1 1 1 0 1 0 0 1 0 1 1 1 1 0 1 1 0 0 1 1 0 1 ];
answers = [1 1 1 0 1 0 1 0 0 0 0 0 0 0 1 1 0 1 1 0 0 0 1 0 0 1 0 0 0 1 0 1 0 1 1 0 0 0 0 1 0 0 1 1 1 1 1 0 0 0 0 0 1 0 0 1 0 0 1 1 0 0 0 1 0 0 1 0 1 1 1 0 0 1 1 0 0 1 0 0 1 ];
adjustments = [-4 -4 -4 0 -4 0 -4 12 0 0 0 0 0 0 -4 -2 0 -2 -2 0 0 0 -2 0 0 -2 6 0 0 -1 0 -1 0 -1 -1 0 0 3 0 -1 0 3 -1 -1 -1 -1 -1 0 0 0 0 0 -1 0 0 -1 0 0 -1 -1 3 3 0 -1 0 0 -1 0 -1 -1 -1 3 0 -1 -1 0 0 -1 3 0 -1 ];
offsets = [3777186 2806510 2552078 2295318 1030467 781760 1348400 2957696 2323701 499820 885495 881415 5021661 4367155 3007207 1128559 1804485 1367759 413747 5175977 2215485 4988977 334534 2912985 483713 3175210 1898228 926987 4246419 4147825 3942140 1038765 1554108 3464315 2149907 898182 1375436 872090 4847637 4582391 2475803 2961455 1596372 3007484 3409055 1918630 4838097 4762113 1448560 2754853 2307596 3959065 3006110 3308781 3597853 1954322 1853031 3458527 1367612 627074 393779 723812 4709998 3185806 2135355 1459208 2860790 5126974 70244 1871389 5011908 1259475 20984 1727214 4472070 796608 4565298 2227249 5118458 4317791 1994306 ];

