# config: "EMA:1.1.0-APPP,ID:listener15-r,SETUP:KK1,SOUNDDEVICE:USB,SOUNDSTREAM:0,SOUNDCHANNELS:1,2"
target=0.50;discardreversals=2;startvalue=0.00;steps=[4  2  1];
threshold = [-2.75 ];
values = [0.00 -6.00 4.00 -1.00 -2.50 -2.00 -0.50 1.00 -0.50 -1.00 -1.50 -3.00 -3.50 -3.00 -4.50 -5.00 -2.50 -2.00 -1.50 0.00 ];
reversals = [0 1 -1 0 1 0 0 -1 0 0 0 0 1 -1 0 1 0 0 0 -1 ];
measures = [0 0 0 0 1 1 1 1 1 1 1 1 1 1 1 1 1 1 1 1 ];
presentations = [1 2 3 4 5 6 7 8 9 10 11 12 13 14 15 16 17 18 19 20 ];
answers = [4 0 5 4 2 1 1 4 3 3 4 3 2 4 3 0 2 2 1 5 ];
adjustments = [-6 10 -5 -1.5 0.5 1.5 1.5 -1.5 -0.5 -0.5 -1.5 -0.5 0.5 -1.5 -0.5 2.5 0.5 0.5 1.5 -2.5 ];
sentences = {'24621' '85813' '18314' '00456' '06251' '77705' '95569' '89135' '21080' '69444' '44697' '61793' '12339' '98162' '33528' '50976' '76802' '47048' '33980' '52277' };
offsets = [4821566 4391966 6059568 624715 5137748 7398992 7701394 7953478 960102 4585966 5670318 6354531 7395285 766518 651047 5700349 3986195 5851608 3141370 4701439 ];

