# config: "EMA:1.1.0-APPP,ID:listener15-r,SETUP:KK1,SOUNDDEVICE:USB,SOUNDSTREAM:0,SOUNDCHANNELS:1,2"
target=0.50;discardreversals=2;startvalue=0.00;steps=[4  2  1];
threshold = [-6.75 ];
values = [0.00 -10.00 0.00 -5.00 -7.50 -9.00 -7.50 -9.00 -6.50 -5.00 -2.50 -4.00 -4.50 -6.00 -5.50 -5.00 -6.50 -8.00 -7.50 -6.00 ];
reversals = [0 1 -1 0 0 1 -1 1 0 0 -1 0 0 1 0 -1 0 1 0 -1 ];
measures = [0 0 0 0 0 1 1 1 1 1 1 1 1 1 1 1 1 1 1 1 ];
presentations = [1 2 3 4 5 6 7 8 9 10 11 12 13 14 15 16 17 18 19 20 ];
answers = [5 0 5 5 4 1 4 0 1 0 4 3 4 2 2 4 4 2 1 4 ];
adjustments = [-10 10 -5 -2.5 -1.5 1.5 -1.5 2.5 1.5 2.5 -1.5 -0.5 -1.5 0.5 0.5 -1.5 -1.5 0.5 1.5 -1.5 ];
sentences = {'52988' '29744' '78835' '10681' '35209' '66127' '82009' '63558' '91451' '03676' '48832' '14040' '34226' '29394' '46393' '70565' '51417' '07970' '95162' '87713' };
offsets = [3367687 816606 4399007 4752501 6914304 5398242 5680478 1569277 5497866 1268093 8324560 4801512 355745 6656479 4724583 1371327 4431645 2396092 6739534 6670381 ];

