# config: "EMA:1.1.0-APPP,ID:listener15-r,SETUP:KK1,SOUNDDEVICE:USB,SOUNDSTREAM:0,SOUNDCHANNELS:1,2"
target=0.50;discardreversals=2;startvalue=0.00;steps=[4  2  1];
threshold = [-2.00 ];
values = [0.00 2.00 -8.00 -5.00 -2.50 -4.00 -3.50 -1.00 -3.50 -2.00 -1.50 -1.00 -1.50 1.00 -1.50 -1.00 -3.50 -3.00 -3.50 -2.00 ];
reversals = [0 -1 1 0 -1 1 0 -1 1 0 0 -1 1 -1 1 -1 1 -1 1 -1 ];
measures = [0 0 0 0 1 1 1 1 1 1 1 1 1 1 1 1 1 1 1 1 ];
presentations = [1 2 3 4 5 6 7 8 9 10 11 12 13 14 15 16 17 18 19 20 ];
answers = [2 5 1 0 4 2 0 5 1 2 2 3 0 5 2 5 2 3 1 4 ];
adjustments = [2 -10 3 2.5 -1.5 0.5 2.5 -2.5 1.5 0.5 0.5 -0.5 2.5 -2.5 0.5 -2.5 0.5 -0.5 1.5 -1.5 ];
sentences = {'82009' '63558' '51417' '36514' '34226' '95162' '93692' '69009' '11755' '45923' '29744' '70287' '46393' '78835' '08168' '87470' '10681' '07970' '22336' '54841' };
offsets = [3580195 5510876 3766157 6073935 4574850 4377075 7308479 7990629 2404237 1251209 5251370 7336275 4618651 6563548 4705300 1240413 2101832 3495486 2811785 4009996 ];

