# config: "EMA:1.1.0-APPP,ID:listener15-r,SETUP:KK1,SOUNDDEVICE:USB,SOUNDSTREAM:0,SOUNDCHANNELS:1,2"
target=0.50;discardreversals=2;startvalue=0.00;steps=[4  2  1];
threshold = [0.50 ];
values = [0.00 10.00 0.00 -1.00 2.00 0.50 -2.00 0.50 -2.00 -2.50 0.00 0.50 2.00 0.50 0.00 -1.50 0.00 0.50 -1.00 1.50 ];
reversals = [0 -1 0 1 -1 0 1 -1 0 1 0 0 -1 0 0 1 0 -1 1 -1 ];
measures = [0 0 0 0 1 1 1 1 1 1 1 1 1 1 1 1 1 1 1 1 ];
presentations = [1 2 3 4 5 6 7 8 9 10 11 12 13 14 15 16 17 18 19 20 ];
answers = [0 5 3 1 4 5 0 5 3 0 2 1 4 3 4 1 2 4 0 5 ];
adjustments = [10 -10 -1 3 -1.5 -2.5 2.5 -2.5 -0.5 2.5 0.5 1.5 -1.5 -0.5 -1.5 1.5 0.5 -1.5 2.5 -2.5 ];
sentences = {'51437' '34994' '39994' '70762' '94067' '26626' '09216' '47173' '92629' '86800' '65555' '18348' '67850' '51779' '72141' '43285' '18502' '23081' '80338' '05413' };
offsets = [3428337 949918 3626837 5147219 1050862 6627611 3309998 3459225 4002332 3266914 5458761 7050081 5442804 3304088 6689849 5779007 491686 110928 3418953 3108505 ];

