# config: "EMA:1.1.0-APPP,ID:listener15-r,SETUP:KK1,SOUNDDEVICE:USB,SOUNDSTREAM:0,SOUNDCHANNELS:1,2"
target=0.50;discardreversals=2;startvalue=0.00;steps=[4  2  1];
threshold = [-0.25 ];
values = [0.00 10.00 4.00 3.00 0.00 1.00 -0.50 -3.00 -2.50 -3.00 -0.50 0.00 -0.50 2.00 0.50 1.00 -0.50 1.00 -0.50 0.00 ];
reversals = [0 -1 0 0 1 -1 0 1 -1 1 0 -1 1 -1 1 -1 1 -1 1 0 ];
measures = [0 0 0 0 0 1 1 1 1 1 1 1 1 1 1 1 1 1 1 1 ];
presentations = [1 2 3 4 5 6 7 8 9 10 11 12 13 14 15 16 17 18 19 20 ];
answers = [0 4 3 4 2 4 5 2 3 0 2 3 0 4 2 4 1 4 2 0 ];
adjustments = [10 -6 -1 -3 1 -1.5 -2.5 0.5 -0.5 2.5 0.5 -0.5 2.5 -1.5 0.5 -1.5 1.5 -1.5 0.5 2.5 ];
sentences = {'03491' '99308' '22586' '68819' '30757' '55025' '33528' '41634' '74972' '85813' '12339' '44697' '98162' '77705' '87263' '16140' '50976' '21080' '69444' '06251' };
offsets = [5869611 1883870 7333447 4272214 2999372 1041413 7748853 3412894 3981856 5258993 4555799 7604741 921061 8137491 7979799 4665542 7421118 9370372 246408 3679122 ];

