# config: "EMA:1.1.0-APPP,ID:listener15-r,SETUP:KK1,SOUNDDEVICE:USB,SOUNDSTREAM:0,SOUNDCHANNELS:1,2"
target=0.50;discardreversals=2;startvalue=0.00;steps=[4  2  1];
threshold = [-0.50 ];
values = [0.00 10.00 0.00 -3.00 -2.00 -2.50 0.00 0.50 0.00 0.50 -1.00 1.50 0.00 0.50 -1.00 -0.50 -2.00 -0.50 -3.00 -3.50 ];
reversals = [0 -1 0 1 -1 1 0 -1 1 -1 1 -1 1 -1 1 -1 1 -1 0 1 ];
measures = [0 0 0 0 1 1 1 1 1 1 1 1 1 1 1 1 1 1 1 1 ];
presentations = [1 2 3 4 5 6 7 8 9 10 11 12 13 14 15 16 17 18 19 20 ];
answers = [0 5 4 2 3 0 2 3 2 4 0 4 2 4 2 4 1 5 3 1 ];
adjustments = [10 -10 -3 1 -0.5 2.5 0.5 -0.5 0.5 -1.5 2.5 -1.5 0.5 -1.5 0.5 -1.5 1.5 -2.5 -0.5 1.5 ];
sentences = {'34226' '07970' '30757' '22586' '99308' '63558' '95162' '74972' '51417' '16140' '03491' '82009' '41634' '10681' '78835' '29744' '46393' '87263' '55025' '68819' };
offsets = [4434508 2958265 1733830 74907 6536526 1000565 8276582 2607680 4990343 7803817 8340130 3906963 5340253 3493420 1220864 5340878 3982959 2325671 4482456 2598401 ];

