# config: "EMA:1.1.0-APPP,ID:listener15-r,SETUP:KK1,SOUNDDEVICE:USB,SOUNDSTREAM:0,SOUNDCHANNELS:1,2"
target=0.50;discardreversals=2;startvalue=0.00;steps=[4  2  1];
threshold = [-6.50 ];
values = [0.00 -10.00 0.00 -5.00 -4.50 -6.00 -6.50 -6.00 -6.50 -6.00 -5.50 -8.00 -8.50 -7.00 -9.50 -9.00 -8.50 -10.00 -11.50 -9.00 ];
reversals = [0 1 -1 1 -1 0 1 -1 1 0 -1 0 1 -1 1 0 -1 0 1 0 ];
measures = [0 0 0 1 1 1 1 1 1 1 1 1 1 1 1 1 1 1 1 1 ];
presentations = [1 2 3 4 5 6 7 8 9 10 11 12 13 14 15 16 17 18 19 20 ];
answers = [5 0 5 2 4 3 2 3 2 2 5 3 1 5 2 2 4 4 0 1 ];
adjustments = [-10 10 -5 0.5 -1.5 -0.5 0.5 -0.5 0.5 0.5 -2.5 -0.5 1.5 -2.5 0.5 0.5 -1.5 -1.5 2.5 1.5 ];
sentences = {'69009' '21080' '50976' '93692' '87470' '22336' '12339' '70287' '08168' '98162' '85813' '77705' '11755' '44697' '69444' '54841' '33528' '45923' '36514' '06251' };
offsets = [4514647 839447 7796825 7894621 3232184 4190342 4711236 1372047 1409304 4131595 8884050 9056817 7718874 8157131 9295989 1992772 2379349 4842555 7657010 2216567 ];

