# config: "EMA:1.1.0-APPP,ID:listener15-r,SETUP:KK1,SOUNDDEVICE:USB,SOUNDSTREAM:0,SOUNDCHANNELS:1,2"
target=0.50;discardreversals=2;startvalue=0.00;steps=[4  2  1];
threshold = [-26.00 ];
values = [0.00 -10.00 -20.00 -30.00 -24.00 -27.00 -24.50 -24.00 -26.50 -25.00 -24.50 -26.00 -24.50 -25.00 -24.50 -24.00 -26.50 -26.00 -27.50 -27.00 ];
reversals = [0 0 0 1 -1 1 0 -1 1 0 -1 1 -1 1 0 -1 1 -1 1 -1 ];
measures = [0 0 0 0 0 1 1 1 1 1 1 1 1 1 1 1 1 1 1 1 ];
presentations = [1 2 3 4 5 6 7 8 9 10 11 12 13 14 15 16 17 18 19 20 ];
answers = [5 5 5 1 4 0 2 5 1 2 4 1 3 2 2 5 2 4 2 3 ];
adjustments = [-10 -10 -10 6 -3 2.5 0.5 -2.5 1.5 0.5 -1.5 1.5 -0.5 0.5 0.5 -2.5 0.5 -1.5 0.5 -0.5 ];
sentences = {'86800' '47173' '44697' '51437' '33528' '92629' '98162' '77705' '18348' '12339' '70762' '09216' '21080' '34994' '06251' '23081' '50976' '65555' '69444' '85813' };
offsets = [3341577 2147462 2436022 4029328 6310930 4429959 4363631 7371340 6654332 5712825 5932417 1902511 1020294 4491199 5873547 6377587 945974 5193696 6354240 7350633 ];

