# config: "EMA:1.1.0-APPP,ID:listener15-r,SETUP:KK1,SOUNDDEVICE:USB,SOUNDSTREAM:0,SOUNDCHANNELS:1,2"
target=0.50;discardreversals=2;startvalue=0.00;steps=[4  2  1];
threshold = [-3.25 ];
values = [0.00 -10.00 0.00 -5.00 -3.50 -4.00 -3.50 -3.00 -0.50 0.00 -1.50 -4.00 -5.50 -3.00 -2.50 -3.00 -1.50 -3.00 -5.50 -3.00 ];
reversals = [0 1 -1 1 -1 1 0 0 0 -1 0 0 1 0 -1 1 -1 0 1 -1 ];
measures = [0 0 0 1 1 1 1 1 1 1 1 1 1 1 1 1 1 1 1 1 ];
presentations = [1 2 3 4 5 6 7 8 9 10 11 12 13 14 15 16 17 18 19 20 ];
answers = [5 0 5 1 3 2 2 0 2 4 5 4 0 2 3 1 4 5 0 4 ];
adjustments = [-10 10 -5 1.5 -0.5 0.5 0.5 2.5 0.5 -1.5 -2.5 -1.5 2.5 0.5 -0.5 1.5 -1.5 -2.5 2.5 -1.5 ];
sentences = {'23448' '21080' '98162' '33528' '37886' '44697' '69444' '85813' '06251' '77705' '76600' '15952' '12339' '51195' '02737' '44529' '50976' '68271' '89364' '90013' };
offsets = [6622442 5283388 294345 6067922 7279312 8776085 3924757 4115945 3372526 1813971 554626 1866018 9806455 3249792 5014879 6195405 9702938 196701 1600935 276171 ];

