# config: "EMA:1.1.0-APPP,ID:listener15-r,SETUP:KK1,SOUNDDEVICE:USB,SOUNDSTREAM:0,SOUNDCHANNELS:1,2"
target=0.50;discardreversals=2;startvalue=0.00;steps=[4  2  1];
threshold = [3.25 ];
values = [0.00 2.00 12.00 10.00 5.00 4.00 3.00 4.00 4.50 3.00 3.50 3.00 4.50 6.00 6.50 5.00 4.50 3.00 4.50 2.00 ];
reversals = [0 0 -1 0 0 0 1 0 -1 1 -1 1 0 0 -1 0 0 1 -1 1 ];
measures = [0 0 0 0 0 0 0 0 1 1 1 1 1 1 1 1 1 1 1 1 ];
presentations = [1 2 3 4 5 6 7 8 9 10 11 12 13 14 15 16 17 18 19 20 ];
answers = [2 0 3 5 3 3 2 2 4 2 3 1 1 2 4 3 4 1 5 0 ];
adjustments = [2 10 -2 -5 -1 -1 1 0.5 -1.5 0.5 -0.5 1.5 1.5 0.5 -1.5 -0.5 -1.5 1.5 -2.5 2.5 ];
sentences = {'95569' '76802' '18314' '10681' '51417' '52277' '33980' '47048' '82009' '29744' '63558' '95162' '07970' '78835' '00456' '24621' '34226' '61793' '46393' '89135' };
offsets = [5235656 5780460 6349851 2148478 5026957 8173873 3490709 6638912 3589395 3667579 4633003 3461150 4341292 613461 7605019 2627641 5678387 3823701 8179079 6991093 ];

