# config: "EMA:1.1.0-APPP,ID:listener15-r,SETUP:KK1,SOUNDDEVICE:USB,SOUNDSTREAM:0,SOUNDCHANNELS:1,2"
target=0.50;discardreversals=2;startvalue=0.00;steps=[4  2  1];
threshold = [3.50 ];
values = [0.00 10.00 4.00 3.00 6.00 5.50 3.00 3.50 3.00 2.50 1.00 2.50 4.00 6.50 4.00 4.50 4.00 2.50 3.00 3.50 ];
reversals = [0 -1 0 1 -1 0 1 -1 0 0 1 0 0 -1 1 -1 0 1 0 -1 ];
measures = [0 0 0 0 1 1 1 1 1 1 1 1 1 1 1 1 1 1 1 1 ];
presentations = [1 2 3 4 5 6 7 8 9 10 11 12 13 14 15 16 17 18 19 20 ];
answers = [0 4 3 1 3 5 2 3 3 4 1 1 0 5 2 3 4 2 2 3 ];
adjustments = [10 -6 -1 3 -0.5 -2.5 0.5 -0.5 -0.5 -1.5 1.5 1.5 2.5 -2.5 0.5 -0.5 -1.5 0.5 0.5 -0.5 ];
sentences = {'86800' '92629' '47173' '39994' '51437' '18348' '80338' '67850' '05413' '23081' '94067' '18502' '43285' '26626' '72141' '51779' '70762' '09216' '34994' '65555' };
offsets = [9746049 5506080 7596269 7424582 7346788 2594152 3586128 165306 1587029 664780 8965389 3627065 176771 9621104 3309915 4641815 5449851 5286710 8632452 1255810 ];

