# config: "EMA:1.1.0-APPP,ID:listener15-r,SETUP:KK1,SOUNDDEVICE:USB,SOUNDSTREAM:0,SOUNDCHANNELS:1,2"
target=0.50;discardreversals=2;startvalue=0.00;steps=[4  2  1];
threshold = [-3.25 ];
values = [0.00 -6.00 4.00 -1.00 -3.50 -4.00 -3.50 -5.00 -4.50 -4.00 -3.50 -4.00 -1.50 -2.00 -0.50 -2.00 -0.50 -2.00 -4.50 -3.00 ];
reversals = [0 1 -1 0 0 1 -1 1 0 0 -1 1 -1 1 -1 1 -1 0 1 -1 ];
measures = [0 0 0 0 0 1 1 1 1 1 1 1 1 1 1 1 1 1 1 1 ];
presentations = [1 2 3 4 5 6 7 8 9 10 11 12 13 14 15 16 17 18 19 20 ];
answers = [4 0 5 5 3 2 4 2 2 2 3 0 3 1 4 1 4 5 1 3 ];
adjustments = [-6 10 -5 -2.5 -0.5 0.5 -1.5 0.5 0.5 0.5 -0.5 2.5 -0.5 1.5 -1.5 1.5 -1.5 -2.5 1.5 -0.5 ];
sentences = {'52277' '89135' '33980' '95569' '85813' '47048' '18314' '44697' '77705' '76802' '50976' '24621' '69444' '06251' '12339' '00456' '61793' '33528' '21080' '98162' };
offsets = [934730 3974319 623615 2715395 2866905 6131043 2118476 1487199 6129030 6959056 1668566 3802961 3347522 5218399 7754841 5911125 4933979 6911869 2757304 2419959 ];

