# config: "EMA:1.1.0-APPP,ID:listener15-r,SETUP:KK1,SOUNDDEVICE:USB,SOUNDSTREAM:0,SOUNDCHANNELS:1,2"
target=0.50;discardreversals=2;startvalue=0.00;steps=[4  2  1];
threshold = [-26.50 ];
values = [0.00 -6.00 -16.00 -26.00 -28.00 -22.00 -25.00 -26.50 -26.00 -26.50 -28.00 -27.50 -26.00 -26.50 -28.00 -25.50 -25.00 -25.50 -28.00 -26.50 ];
reversals = [0 0 0 0 1 -1 0 1 -1 0 1 0 -1 0 1 0 -1 0 1 -1 ];
measures = [0 0 0 0 0 0 0 1 1 1 1 1 1 1 1 1 1 1 1 1 ];
presentations = [1 2 3 4 5 6 7 8 9 10 11 12 13 14 15 16 17 18 19 20 ];
answers = [4 5 5 3 1 4 4 2 3 4 2 1 3 4 0 2 3 5 1 3 ];
adjustments = [-6 -10 -10 -2 6 -3 -1.5 0.5 -0.5 -1.5 0.5 1.5 -0.5 -1.5 2.5 0.5 -0.5 -2.5 1.5 -0.5 ];
sentences = {'51437' '94067' '23081' '47173' '65555' '67850' '70762' '43285' '72141' '05413' '18502' '86800' '18348' '80338' '09216' '34994' '39994' '26626' '92629' '51779' };
offsets = [6386860 3211220 2972769 365295 2090391 2752826 6183195 2571906 4673865 3297504 4345571 5020304 4601351 5433078 5244641 3456113 4503098 3988420 1272088 1875823 ];

