# config: "EMA:1.1.0-APPP,ID:listener15-r,SETUP:KK1,SOUNDDEVICE:USB,SOUNDSTREAM:0,SOUNDCHANNELS:1,2"
target=0.50;discardreversals=2;startvalue=0.00;steps=[4  2  1];
threshold = [-32.75 ];
values = [0.00 -2.00 -12.00 -22.00 -32.00 -34.00 -32.00 -33.00 -31.50 -30.00 -32.50 -34.00 -34.50 -35.00 -32.50 -33.00 -31.50 -33.00 -32.50 -35.00 ];
reversals = [0 0 0 0 0 1 -1 1 0 -1 0 0 0 1 -1 1 -1 1 -1 0 ];
measures = [0 0 0 0 0 0 0 1 1 1 1 1 1 1 1 1 1 1 1 1 ];
presentations = [1 2 3 4 5 6 7 8 9 10 11 12 13 14 15 16 17 18 19 20 ];
answers = [3 5 5 5 3 2 3 1 1 5 4 3 3 0 3 1 4 2 5 5 ];
adjustments = [-2 -10 -10 -10 -2 2 -1 1.5 1.5 -2.5 -1.5 -0.5 -0.5 2.5 -0.5 1.5 -1.5 0.5 -2.5 -2.5 ];
sentences = {'99308' '03676' '14040' '87263' '68819' '29394' '41634' '30757' '48832' '52988' '66127' '03491' '70565' '91451' '55025' '16140' '22586' '35209' '87713' '74972' };
offsets = [2380104 4996218 5406792 7439139 153089 248753 1384363 4367409 7339913 3881719 5465936 6916453 1620830 1580138 485697 5587886 675888 5652554 3254719 1377573 ];

