# config: "EMA:1.1.0-APPP,ID:listener15-r,SETUP:KK1,SOUNDDEVICE:USB,SOUNDSTREAM:0,SOUNDCHANNELS:1,2"
target=0.50;discardreversals=2;startvalue=0.00;steps=[4  2  1];
threshold = [-17.00 ];
values = [0.00 -6.00 -8.00 -14.00 -16.00 -14.00 -19.00 -19.50 -18.00 -18.50 -19.00 -18.50 -17.00 -16.50 -14.00 -13.50 -16.00 -15.50 -16.00 -18.50 ];
reversals = [0 0 0 0 1 -1 0 1 -1 0 1 0 0 0 0 -1 1 -1 0 0 ];
measures = [0 0 0 0 0 0 0 1 1 1 1 1 1 1 1 1 1 1 1 1 ];
presentations = [1 2 3 4 5 6 7 8 9 10 11 12 13 14 15 16 17 18 19 20 ];
answers = [4 3 4 3 2 5 3 1 3 3 2 1 2 0 2 5 2 3 5 3 ];
adjustments = [-6 -2 -6 -2 2 -5 -0.5 1.5 -0.5 -0.5 0.5 1.5 0.5 2.5 0.5 -2.5 0.5 -0.5 -2.5 -0.5 ];
sentences = {'95569' '93692' '24621' '11755' '00456' '87470' '89135' '61793' '08168' '70287' '45923' '33980' '36514' '54841' '47048' '52277' '76802' '22336' '69009' '18314' };
offsets = [5949471 1297854 1418844 3710390 3033680 6525347 6345725 7488712 6627846 1932488 3258552 645959 3999122 6652162 5600484 3537745 6381930 1026482 765732 4911508 ];

