# config: "EMA:1.1.0-APPP,ID:listener15-r,SETUP:KK1,SOUNDDEVICE:USB,SOUNDSTREAM:0,SOUNDCHANNELS:1,2"
target=0.75;minreversals=14;discardreversals=4;minmeasures=25;startvalue=20.00;steps=[4  4  2  1];
threshold = [3.50 ];
values = [20.00 32.00 28.00 24.00 24.00 24.00 20.00 20.00 20.00 20.00 20.00 16.00 16.00 12.00 12.00 12.00 8.00 8.00 4.00 0.00 12.00 10.00 10.00 9.00 8.00 7.00 7.00 7.00 6.00 6.00 5.00 5.00 4.00 3.00 3.00 2.00 5.00 8.00 7.00 6.00 5.00 5.00 4.00 4.00 3.00 2.00 1.00 1.00 1.00 4.00 4.00 3.00 6.00 6.00 9.00 8.00 7.00 6.00 5.00 5.00 5.00 5.00 5.00 5.00 4.00 4.00 4.00 3.00 2.00 1.00 0.00 0.00 0.00 0.00 3.00 3.00 6.00 5.00 5.00 4.00 3.00 3.00 3.00 3.00 2.00 5.00 4.00 4.00 3.00 3.00 2.00 2.00 ];
reversals = [0 -1 0 0 0 0 0 0 0 0 0 0 0 0 0 0 0 0 0 1 -1 0 0 0 0 0 0 0 0 0 0 0 0 0 0 1 0 -1 0 0 0 0 0 0 0 0 0 0 1 0 -1 1 0 0 -1 0 0 0 0 0 0 0 0 0 0 0 0 0 0 0 0 0 0 1 0 0 -1 0 0 0 0 0 0 0 1 -1 0 0 0 0 0 1 ];
measures = [0 0 0 0 0 0 0 0 0 0 0 0 0 0 0 0 0 0 0 0 0 0 0 0 0 0 0 0 0 0 0 0 0 0 0 0 0 1 1 1 1 1 1 1 1 1 1 1 1 1 1 1 1 1 1 1 1 1 1 1 1 1 1 1 1 1 1 1 1 1 1 1 1 1 1 1 1 1 1 1 1 1 1 1 1 1 1 1 1 1 1 1 ];
presentations = [1 1 1 0 0 1 0 0 0 0 1 0 1 0 0 1 0 1 1 1 1 0 1 1 1 0 0 1 0 1 0 1 1 0 1 1 1 1 1 1 0 1 0 1 1 1 0 0 1 0 1 1 0 1 1 1 1 1 0 0 0 0 0 1 0 0 1 1 1 1 0 0 0 1 0 1 1 0 1 1 0 0 0 1 1 1 0 1 0 1 0 1 ];
answers = [0 1 1 0 0 1 0 0 0 0 1 0 1 0 0 1 0 1 1 0 1 0 1 1 1 0 0 1 0 1 0 1 1 0 1 0 0 1 1 1 0 1 0 1 1 1 0 0 0 0 1 0 0 0 1 1 1 1 0 0 0 0 0 1 0 0 1 1 1 1 0 0 0 0 0 0 1 0 1 1 0 0 0 1 0 1 0 1 0 1 0 0 ];
adjustments = [12 -4 -4 0 0 -4 0 0 0 0 -4 0 -4 0 0 -4 0 -4 -4 12 -2 0 -1 -1 -1 0 0 -1 0 -1 0 -1 -1 0 -1 3 3 -1 -1 -1 0 -1 0 -1 -1 -1 0 0 3 0 -1 3 0 3 -1 -1 -1 -1 0 0 0 0 0 -1 0 0 -1 -1 -1 -1 0 0 0 3 0 3 -1 0 -1 -1 0 0 0 -1 3 -1 0 -1 0 -1 0 3 ];
offsets = [396968 4570712 1001242 4431419 2116577 2402573 4510076 2921028 630830 947641 5170463 533087 4508536 1131018 418574 2944260 334615 4047708 3984450 999485 963014 1918445 3758651 1572186 3334571 4431419 390492 1322461 2604258 1649371 2264996 2514727 2561388 1906795 4082701 1503718 4592705 1678741 5204589 4722003 113546 2590742 4667584 1169559 3490327 1671728 234133 1987683 4092597 3428225 693467 3413821 4296617 780067 2779517 4185194 708995 1540927 1184355 4543202 3467757 2281087 4088984 1681046 3719172 1956915 4580961 1130312 2011825 250445 3381151 1001872 1154250 1003103 5248579 4025388 4219243 3755177 1360392 2519866 931054 2560599 71878 4048363 3379227 1939591 1406792 1659560 4436633 73273 2039095 1390980 ];

