# config: "EMA:1.1.0-APPP,ID:listener15-r,SETUP:KK1,SOUNDDEVICE:USB,SOUNDSTREAM:0,SOUNDCHANNELS:1,2"
target=0.75;minreversals=14;discardreversals=4;minmeasures=25;startvalue=20.00;steps=[4  4  2  1];
threshold = [25.00 ];
values = [20.00 32.00 28.00 24.00 36.00 36.00 36.00 34.00 33.00 32.00 32.00 32.00 31.00 31.00 30.00 30.00 30.00 29.00 28.00 27.00 27.00 27.00 26.00 25.00 24.00 23.00 23.00 22.00 22.00 25.00 25.00 25.00 25.00 25.00 24.00 24.00 27.00 26.00 25.00 25.00 24.00 23.00 22.00 25.00 24.00 27.00 27.00 26.00 25.00 25.00 24.00 24.00 27.00 26.00 25.00 25.00 25.00 24.00 24.00 24.00 27.00 27.00 27.00 26.00 26.00 26.00 25.00 24.00 24.00 23.00 23.00 26.00 25.00 25.00 25.00 ];
reversals = [0 -1 0 1 0 0 -1 0 0 0 0 0 0 0 0 0 0 0 0 0 0 0 0 0 0 0 0 0 1 0 0 0 0 -1 0 1 -1 0 0 0 0 0 1 -1 1 0 -1 0 0 0 0 1 -1 0 0 0 0 0 0 1 0 0 -1 0 0 0 0 0 0 0 1 -1 0 0 0 ];
measures = [0 0 0 0 0 0 0 0 0 0 0 0 0 0 0 0 0 0 0 0 0 0 0 0 0 0 0 0 0 0 0 0 0 1 1 1 1 1 1 1 1 1 1 1 1 1 1 1 1 1 1 1 1 1 1 1 1 1 1 1 1 1 1 1 1 1 1 1 1 1 1 1 1 1 1 ];
presentations = [1 1 1 1 0 0 1 1 1 0 0 1 0 1 0 0 1 1 1 0 0 1 1 1 1 0 1 0 1 0 0 0 0 1 0 1 1 1 0 1 1 1 1 1 1 0 1 1 0 1 0 1 1 1 0 0 1 0 0 1 0 0 1 0 0 1 1 0 1 0 1 1 0 0 1 ];
answers = [0 1 1 0 0 0 1 1 1 0 0 1 0 1 0 0 1 1 1 0 0 1 1 1 1 0 1 0 0 0 0 0 0 1 0 0 1 1 0 1 1 1 0 1 0 0 1 1 0 1 0 0 1 1 0 0 1 0 0 0 0 0 1 0 0 1 1 0 1 0 0 1 0 0 1 ];
adjustments = [12 -4 -4 12 0 0 -2 -1 -1 0 0 -1 0 -1 0 0 -1 -1 -1 0 0 -1 -1 -1 -1 0 -1 0 3 0 0 0 0 -1 0 3 -1 -1 0 -1 -1 -1 3 -1 3 0 -1 -1 0 -1 0 3 -1 -1 0 0 -1 0 0 3 0 0 -1 0 0 -1 -1 0 -1 0 3 -1 0 0 -1 ];
offsets = [1530797 3983761 2645622 4729808 3770575 3173422 2275216 1430593 4028560 4542940 3311980 3130386 206782 3042912 2870956 3187797 2679391 3467955 435460 611018 2400054 608284 1437028 3905412 3928764 4508135 4775772 3069459 1147696 4435752 4787753 4836387 3825286 3749148 4187124 2221204 4618971 4284281 522147 5254565 694177 222768 617420 2097555 3989 3898205 1248068 2832501 4475719 4737584 1043460 1566718 858540 2627203 1574458 3490043 1982916 639928 10911 154902 1127242 526809 1578027 4568112 993024 2340098 4833840 2746132 4046020 389931 1566758 4978017 4094118 1009433 2875124 ];

