# config: "EMA:1.1.0-APPP,ID:listener15-r,SETUP:KK1,SOUNDDEVICE:USB,SOUNDSTREAM:0,SOUNDCHANNELS:1,2"
target=0.75;minreversals=14;discardreversals=4;minmeasures=25;startvalue=20.00;steps=[4  4  2  1];
threshold = [3.50 ];
values = [20.00 16.00 12.00 8.00 4.00 4.00 4.00 16.00 16.00 16.00 16.00 16.00 16.00 12.00 12.00 10.00 10.00 8.00 8.00 8.00 8.00 8.00 8.00 8.00 6.00 4.00 2.00 0.00 0.00 6.00 6.00 5.00 8.00 8.00 8.00 7.00 6.00 5.00 4.00 3.00 2.00 1.00 1.00 4.00 3.00 2.00 2.00 2.00 2.00 1.00 1.00 4.00 7.00 7.00 6.00 5.00 5.00 4.00 4.00 4.00 3.00 3.00 2.00 1.00 0.00 0.00 0.00 0.00 0.00 3.00 3.00 2.00 2.00 5.00 ];
reversals = [0 0 0 0 0 0 1 0 0 0 0 0 -1 0 0 0 0 0 0 0 0 0 0 0 0 0 0 0 1 0 -1 1 0 0 -1 0 0 0 0 0 0 0 1 -1 0 0 0 0 0 0 1 0 0 -1 0 0 0 0 0 0 0 0 0 0 0 0 0 0 1 0 -1 0 1 -1 ];
measures = [0 0 0 0 0 0 0 0 0 0 0 0 0 0 0 0 0 0 0 0 0 0 0 0 0 0 0 0 0 0 0 1 1 1 1 1 1 1 1 1 1 1 1 1 1 1 1 1 1 1 1 1 1 1 1 1 1 1 1 1 1 1 1 1 1 1 1 1 1 1 1 1 1 1 ];
presentations = [1 1 1 1 0 0 1 0 0 0 0 0 1 0 1 0 1 0 0 0 0 0 0 1 1 1 1 0 1 0 1 1 0 0 1 1 1 1 1 1 1 0 1 1 1 0 0 0 1 0 1 1 0 1 1 0 1 0 0 1 0 1 1 1 0 0 0 0 1 0 1 0 1 1 ];
answers = [1 1 1 1 0 0 0 0 0 0 0 0 1 0 1 0 1 0 0 0 0 0 0 1 1 1 1 0 0 0 1 0 0 0 1 1 1 1 1 1 1 0 0 1 1 0 0 0 1 0 0 0 0 1 1 0 1 0 0 1 0 1 1 1 0 0 0 0 0 0 1 0 0 1 ];
adjustments = [-4 -4 -4 -4 0 0 12 0 0 0 0 0 -4 0 -2 0 -2 0 0 0 0 0 0 -2 -2 -2 -2 0 6 0 -1 3 0 0 -1 -1 -1 -1 -1 -1 -1 0 3 -1 -1 0 0 0 -1 0 3 3 0 -1 -1 0 -1 0 0 -1 0 -1 -1 -1 0 0 0 0 3 0 -1 0 3 -1 ];
offsets = [518156 3942123 2545525 425040 654881 1767911 2415590 3726313 1544886 1322230 2334103 3433046 3568875 277514 2557057 3703468 3845819 4431151 4716607 110526 44161 3189479 1296680 1162597 2874202 1306727 2187745 1884640 2708627 940878 1215412 3969934 1253563 3519299 5227664 1996691 5230140 1484501 2872453 4166782 4024618 4428685 22221 1854243 149589 4150411 4029059 4872258 1964205 169860 2534545 994462 2038960 81677 2623450 2235970 2829938 1672895 12472 4982778 2675684 4846964 1011806 3075184 111540 4837236 3917773 4611126 3316013 5193190 1448867 75185 1148832 597698 ];

