# config: "EMA:1.1.0-APPP,ID:listener15-r,SETUP:KK1,SOUNDDEVICE:USB,SOUNDSTREAM:0,SOUNDCHANNELS:1,2"
target=0.75;minreversals=14;discardreversals=4;minmeasures=25;startvalue=20.00;steps=[4  4  2  1];
threshold = [7.00 ];
values = [20.00 32.00 28.00 24.00 24.00 20.00 16.00 12.00 8.00 20.00 18.00 18.00 18.00 18.00 18.00 17.00 16.00 16.00 16.00 15.00 15.00 14.00 13.00 12.00 12.00 12.00 11.00 11.00 11.00 11.00 11.00 11.00 11.00 10.00 9.00 9.00 9.00 9.00 8.00 11.00 11.00 10.00 9.00 9.00 9.00 8.00 7.00 6.00 6.00 6.00 5.00 8.00 7.00 7.00 6.00 9.00 8.00 8.00 8.00 7.00 6.00 6.00 5.00 8.00 7.00 7.00 6.00 6.00 6.00 5.00 5.00 5.00 4.00 7.00 7.00 6.00 6.00 6.00 5.00 5.00 4.00 4.00 7.00 ];
reversals = [0 -1 0 0 0 0 0 0 1 -1 0 0 0 0 0 0 0 0 0 0 0 0 0 0 0 0 0 0 0 0 0 0 0 0 0 0 0 0 1 0 -1 0 0 0 0 0 0 0 0 0 1 -1 0 0 1 -1 0 0 0 0 0 0 1 -1 0 0 0 0 0 0 0 0 1 0 -1 0 0 0 0 0 0 1 -1 ];
measures = [0 0 0 0 0 0 0 0 0 0 0 0 0 0 0 0 0 0 0 0 0 0 0 0 0 0 0 0 0 0 0 0 0 0 0 0 0 0 0 0 1 1 1 1 1 1 1 1 1 1 1 1 1 1 1 1 1 1 1 1 1 1 1 1 1 1 1 1 1 1 1 1 1 1 1 1 1 1 1 1 1 1 1 ];
presentations = [1 1 1 0 1 1 1 1 1 1 0 0 0 0 1 1 0 0 1 0 1 1 1 0 0 1 0 0 0 0 0 0 1 1 0 0 0 1 1 0 1 1 0 0 1 1 1 0 0 1 1 1 0 1 1 1 0 0 1 1 0 1 1 1 0 1 0 0 1 0 0 1 1 0 1 0 0 1 0 1 0 1 1 ];
answers = [0 1 1 0 1 1 1 1 0 1 0 0 0 0 1 1 0 0 1 0 1 1 1 0 0 1 0 0 0 0 0 0 1 1 0 0 0 1 0 0 1 1 0 0 1 1 1 0 0 1 0 1 0 1 0 1 0 0 1 1 0 1 0 1 0 1 0 0 1 0 0 1 0 0 1 0 0 1 0 1 0 0 1 ];
adjustments = [12 -4 -4 0 -4 -4 -4 -4 12 -2 0 0 0 0 -1 -1 0 0 -1 0 -1 -1 -1 0 0 -1 0 0 0 0 0 0 -1 -1 0 0 0 -1 3 0 -1 -1 0 0 -1 -1 -1 0 0 -1 3 -1 0 -1 3 -1 0 0 -1 -1 0 -1 3 -1 0 -1 0 0 -1 0 0 -1 3 0 -1 0 0 -1 0 -1 0 3 -1 ];
offsets = [4989996 2042521 2452644 2394060 2412447 5255817 4792693 1471061 1432015 4441000 1769426 3931521 40229 4401776 3135656 2596399 3181738 3825560 45966 3055327 2104365 1921366 3481605 67374 4384545 3136868 2237433 3176590 5188837 957440 4961346 2491033 3898661 1123880 3015418 4887535 4867700 2160249 3237853 99995 3868502 2952445 4166902 3188651 4967126 3287285 361271 1352521 2102988 5171548 2589185 4117415 5008499 2222253 2646551 4311949 5110786 4903438 386951 349125 1801753 4880394 3725238 4259493 3957858 1997025 2170285 2766998 4285526 1042922 3547219 4871837 524015 5200193 4117005 3334876 4390984 896608 702086 394084 4018101 3795913 1068715 ];

