# config: "EMA:1.1.0-APPP,ID:51020a-r,SETUP:KK1,SOUNDDEVICE:USB,SOUNDSTREAM:0,SOUNDCHANNELS:1,2"
target=0.50;discardreversals=2;startvalue=0.00;steps=[4  2  1];
threshold = [-1.50 ];
values = [0.00 6.00 0.00 -5.00 0.00 -1.50 -3.00 -5.50 -3.00 -0.50 0.00 -1.50 -1.00 1.50 -1.00 -3.50 -4.00 -1.50 -3.00 -2.50 ];
reversals = [0 -1 0 1 -1 0 0 1 0 0 -1 1 0 -1 0 0 1 -1 1 -1 ];
measures = [0 0 0 0 1 1 1 1 1 1 1 1 1 1 1 1 1 1 1 1 ];
presentations = [1 2 3 4 5 6 7 8 9 10 11 12 13 14 15 16 17 18 19 20 ];
answers = [1 4 5 0 4 4 5 0 0 2 4 2 0 5 5 3 0 4 2 5 ];
adjustments = [6 -6 -5 5 -1.5 -1.5 -2.5 2.5 2.5 0.5 -1.5 0.5 2.5 -2.5 -2.5 -0.5 2.5 -1.5 0.5 -2.5 ];
sentences = {'77705' '46393' '51417' '78835' '85813' '21080' '29744' '07970' '98162' '33528' '63558' '95162' '50976' '44697' '82009' '10681' '34226' '06251' '12339' '69444' };
offsets = [703013 625818 3795157 8221617 1838393 8974192 2755208 2915487 8466613 4851608 3222608 9016102 4256868 3882121 160633 6986614 5315786 1223182 2992766 7926940 ];

