# config: "EMA:1.1.0-APPP,ID:51020a-r,SETUP:KK1,SOUNDDEVICE:USB,SOUNDSTREAM:0,SOUNDCHANNELS:1,2"
target=0.50;discardreversals=2;startvalue=0.00;steps=[4  2  1];
threshold = [-16.50 ];
values = [0.00 -10.00 -16.00 -22.00 -12.00 -15.00 -17.50 -17.00 -17.50 -18.00 -15.50 -14.00 -16.50 -15.00 -14.50 -16.00 -16.50 -16.00 -16.50 -15.00 ];
reversals = [0 0 0 1 -1 0 1 -1 0 1 0 -1 1 0 -1 0 1 -1 1 0 ];
measures = [0 0 0 0 0 0 1 1 1 1 1 1 1 1 1 1 1 1 1 1 ];
presentations = [1 2 3 4 5 6 7 8 9 10 11 12 13 14 15 16 17 18 19 20 ];
answers = [5 4 4 0 4 5 2 3 3 0 1 5 1 2 4 3 2 3 1 1 ];
adjustments = [-10 -6 -6 10 -3 -2.5 0.5 -0.5 -0.5 2.5 1.5 -2.5 1.5 0.5 -1.5 -0.5 0.5 -0.5 1.5 1.5 ];
sentences = {'18314' '07970' '52277' '29744' '78835' '24621' '33980' '95162' '46393' '89135' '34226' '10681' '82009' '63558' '95569' '00456' '47048' '61793' '76802' '51417' };
offsets = [2656084 4728537 303870 6222776 3883077 192078 6120617 2669351 2170922 3815979 3404453 7487198 2528085 7259866 2378119 6982247 6596129 2925635 2514084 2233260 ];

