# config: "EMA:1.1.0-APPP,ID:51020a-r,SETUP:KK1,SOUNDDEVICE:USB,SOUNDSTREAM:0,SOUNDCHANNELS:1,2"
target=0.50;discardreversals=2;startvalue=0.00;steps=[4  2  1];
threshold = [-4.50 ];
values = [0.00 -6.00 0.00 -3.00 -5.50 -4.00 -3.50 -6.00 -5.50 -4.00 -3.50 -6.00 -4.50 -7.00 -4.50 -3.00 -5.50 -3.00 -1.50 -4.00 ];
reversals = [0 1 -1 0 1 0 -1 1 0 0 -1 1 -1 1 0 -1 1 0 -1 1 ];
measures = [0 0 0 0 1 1 1 1 1 1 1 1 1 1 1 1 1 1 1 1 ];
presentations = [1 2 3 4 5 6 7 8 9 10 11 12 13 14 15 16 17 18 19 20 ];
answers = [4 1 4 5 1 2 5 2 1 2 5 1 5 0 1 5 0 1 5 1 ];
adjustments = [-6 6 -3 -2.5 1.5 0.5 -2.5 0.5 1.5 0.5 -2.5 1.5 -2.5 2.5 1.5 -2.5 2.5 1.5 -2.5 1.5 ];
sentences = {'90013' '15952' '85813' '51195' '23448' '33528' '68271' '21080' '50976' '12339' '69444' '37886' '77705' '44697' '44529' '02737' '06251' '98162' '89364' '76600' };
offsets = [1657460 5399045 2824673 9243908 7196098 8638497 3106190 3466919 9747865 1503497 1667417 3053377 3686367 415284 2361125 7843181 1241371 4309912 7142932 4967922 ];

