# config: "EMA:1.1.0-APPP,ID:51020a-r,SETUP:KK1,SOUNDDEVICE:USB,SOUNDSTREAM:0,SOUNDCHANNELS:1,2"
target=0.50;discardreversals=2;startvalue=0.00;steps=[4  2  1];
threshold = [-9.50 ];
values = [0.00 -6.00 -12.00 -6.00 -11.00 -11.50 -9.00 -10.50 -11.00 -8.50 -10.00 -7.50 -8.00 -9.50 -8.00 -9.50 -8.00 -10.50 -9.00 -9.50 ];
reversals = [0 0 1 -1 0 1 -1 0 1 -1 1 -1 0 1 -1 1 -1 1 -1 1 ];
measures = [0 0 0 0 0 1 1 1 1 1 1 1 1 1 1 1 1 1 1 1 ];
presentations = [1 2 3 4 5 6 7 8 9 10 11 12 13 14 15 16 17 18 19 20 ];
answers = [4 4 1 5 3 0 4 3 0 4 0 3 4 1 4 1 5 1 3 1 ];
adjustments = [-6 -6 6 -5 -0.5 2.5 -1.5 -0.5 2.5 -1.5 2.5 -0.5 -1.5 1.5 -1.5 1.5 -2.5 1.5 -0.5 1.5 ];
sentences = {'85813' '06251' '29394' '35209' '69444' '12339' '87713' '14040' '44697' '21080' '98162' '48832' '03676' '91451' '77705' '70565' '66127' '50976' '33528' '52988' };
offsets = [4773708 3091417 8805167 7127397 4769974 9341925 6294337 6985935 6622172 1930234 8413458 5615030 7960947 462016 4985995 3283314 8776427 2398797 1704370 7900127 ];

