# config: "EMA:1.1.0-APPP,ID:51020a-r,SETUP:KK1,SOUNDDEVICE:USB,SOUNDSTREAM:0,SOUNDCHANNELS:1,2"
target=0.50;discardreversals=2;startvalue=0.00;steps=[4  2  1];
threshold = [-2.00 ];
values = [0.00 2.00 -8.00 -3.00 -4.50 -2.00 -4.50 -2.00 -3.50 -1.00 -1.50 -2.00 -0.50 0.00 -2.50 -4.00 -2.50 -2.00 -2.50 0.00 ];
reversals = [0 -1 1 -1 1 -1 1 -1 1 -1 0 1 0 -1 0 1 0 -1 1 -1 ];
measures = [0 0 0 1 1 1 1 1 1 1 1 1 1 1 1 1 1 1 1 1 ];
presentations = [1 2 3 4 5 6 7 8 9 10 11 12 13 14 15 16 17 18 19 20 ];
answers = [2 5 0 4 0 5 0 4 0 3 3 1 2 5 4 1 2 3 0 3 ];
adjustments = [2 -10 5 -1.5 2.5 -2.5 2.5 -1.5 2.5 -0.5 -0.5 1.5 0.5 -2.5 -1.5 1.5 0.5 -0.5 2.5 -0.5 ];
sentences = {'46393' '95162' '82009' '92629' '09216' '70762' '86800' '10681' '34994' '23081' '18348' '51417' '63558' '29744' '07970' '51437' '65555' '47173' '34226' '78835' };
offsets = [2911001 1696820 495721 5215927 3487079 2955715 1955961 2427214 4366283 5969557 1439542 2933886 3723128 6473212 1504729 1529029 7194188 6827643 6304989 1226631 ];

