# config: "EMA:1.1.0-APPP,ID:51020a-r,SETUP:KK1,SOUNDDEVICE:USB,SOUNDSTREAM:0,SOUNDCHANNELS:1,2"
target=0.50;discardreversals=2;startvalue=0.00;steps=[4  2  1];
threshold = [-2.75 ];
values = [0.00 -10.00 0.00 -3.00 -0.50 -2.00 -3.50 -4.00 -4.50 -4.00 -2.50 -4.00 -2.50 -4.00 -3.50 -3.00 -0.50 -3.00 -0.50 -1.00 ];
reversals = [0 1 -1 1 -1 0 0 0 1 0 -1 1 -1 1 0 0 -1 1 -1 0 ];
measures = [0 0 0 1 1 1 1 1 1 1 1 1 1 1 1 1 1 1 1 1 ];
presentations = [1 2 3 4 5 6 7 8 9 10 11 12 13 14 15 16 17 18 19 20 ];
answers = [5 0 4 0 4 4 3 3 2 1 4 1 4 2 2 0 5 0 3 5 ];
adjustments = [-10 10 -3 2.5 -1.5 -1.5 -0.5 -0.5 0.5 1.5 -1.5 1.5 -1.5 0.5 0.5 2.5 -2.5 2.5 -0.5 -2.5 ];
sentences = {'99308' '63558' '03491' '30757' '82009' '51417' '10681' '87263' '55025' '78835' '46393' '22586' '16140' '34226' '07970' '95162' '41634' '74972' '68819' '29744' };
offsets = [8699251 374919 2876059 6995688 31638 7454967 5145779 6816900 9484439 2334046 7969239 5780242 2372529 1266220 3544943 8353337 2415405 1443001 669793 5376309 ];

