# config: "EMA:1.1.0-APPP,ID:51020a-r,SETUP:KK1,SOUNDDEVICE:USB,SOUNDSTREAM:0,SOUNDCHANNELS:1,2"
target=0.50;discardreversals=2;startvalue=0.00;steps=[4  2  1];
threshold = [-3.25 ];
values = [0.00 -6.00 4.00 -1.00 -2.50 0.00 -2.50 -5.00 -4.50 -5.00 -2.50 -4.00 -2.50 -5.00 -5.50 -5.00 -4.50 -4.00 -1.50 -4.00 ];
reversals = [0 1 -1 0 1 -1 0 1 -1 1 -1 1 -1 0 1 0 0 0 -1 0 ];
measures = [0 0 0 0 1 1 1 1 1 1 1 1 1 1 1 1 1 1 1 1 ];
presentations = [1 2 3 4 5 6 7 8 9 10 11 12 13 14 15 16 17 18 19 20 ];
answers = [4 0 5 4 0 5 5 2 3 0 4 1 5 3 2 2 2 0 5 3 ];
adjustments = [-6 10 -5 -1.5 2.5 -2.5 -2.5 0.5 -0.5 2.5 -1.5 1.5 -2.5 -0.5 0.5 0.5 0.5 2.5 -2.5 -0.5 ];
sentences = {'03676' '66127' '47173' '65555' '92629' '34994' '09216' '18348' '29394' '86800' '87713' '35209' '51437' '70762' '52988' '91451' '70565' '48832' '23081' '14040' };
offsets = [3227075 1042591 595053 3484301 5164657 3278749 4808741 5017581 533096 4671011 7713075 6256265 1095641 336623 7769624 1259238 5047447 4150542 286674 4286390 ];

