# config: "EMA:1.1.0-APPP,ID:51020a-r,SETUP:KK1,SOUNDDEVICE:USB,SOUNDSTREAM:0,SOUNDCHANNELS:1,2"
target=0.50;discardreversals=2;startvalue=0.00;steps=[4  2  1];
threshold = [-15.75 ];
values = [0.00 -10.00 -20.00 -10.00 -13.00 -14.50 -16.00 -17.50 -20.00 -17.50 -15.00 -16.50 -15.00 -16.50 -17.00 -14.50 -16.00 -16.50 -14.00 -15.50 ];
reversals = [0 0 1 -1 0 0 0 0 1 0 -1 1 -1 0 1 -1 0 1 -1 0 ];
measures = [0 0 0 0 0 0 0 0 1 1 1 1 1 1 1 1 1 1 1 1 ];
presentations = [1 2 3 4 5 6 7 8 9 10 11 12 13 14 15 16 17 18 19 20 ];
answers = [5 5 0 4 4 4 4 5 0 0 4 1 4 3 0 4 3 0 4 4 ];
adjustments = [-10 -10 10 -3 -1.5 -1.5 -1.5 -2.5 2.5 2.5 -1.5 1.5 -1.5 -0.5 2.5 -1.5 -0.5 2.5 -1.5 -1.5 ];
sentences = {'61793' '69009' '45923' '95569' '08168' '33980' '93692' '11755' '70287' '89135' '18314' '00456' '54841' '22336' '36514' '47048' '52277' '87470' '76802' '24621' };
offsets = [5763786 2710832 418872 4006833 1840622 1319994 3943907 6009551 4719866 258461 2342133 5077516 5357628 5188474 6760813 6284107 2719554 5720452 2168650 1357703 ];

