# config: "EMA:1.1.0-APPP,ID:51020a-r,SETUP:KK1,SOUNDDEVICE:USB,SOUNDSTREAM:0,SOUNDCHANNELS:1,2"
target=0.50;discardreversals=2;startvalue=0.00;steps=[4  2  1];
threshold = [1.00 ];
values = [0.00 10.00 0.00 5.00 2.50 2.00 0.50 0.00 -1.50 1.00 0.50 -1.00 1.50 1.00 -0.50 2.00 2.50 2.00 0.50 3.00 ];
reversals = [0 -1 1 -1 0 0 0 0 1 -1 0 1 -1 0 1 0 -1 0 1 -1 ];
measures = [0 0 0 1 1 1 1 1 1 1 1 1 1 1 1 1 1 1 1 1 ];
presentations = [1 2 3 4 5 6 7 8 9 10 11 12 13 14 15 16 17 18 19 20 ];
answers = [0 5 0 5 3 4 3 4 0 3 4 0 3 4 0 2 3 4 0 4 ];
adjustments = [10 -10 5 -2.5 -0.5 -1.5 -0.5 -1.5 2.5 -0.5 -1.5 2.5 -0.5 -1.5 2.5 0.5 -0.5 -1.5 2.5 -1.5 ];
sentences = {'18314' '22586' '61793' '68819' '30757' '47048' '95569' '24621' '89135' '03491' '99308' '74972' '33980' '87263' '52277' '16140' '76802' '41634' '55025' '00456' };
offsets = [4862699 1738562 5326306 7169036 455895 849309 4561214 2757670 7489674 1390233 1244149 924249 8009943 2194758 380689 1315318 609972 5640073 5257581 4920148 ];

