# config: "EMA:1.1.0-APPP,ID:51020a-r,SETUP:KK1,SOUNDDEVICE:USB,SOUNDSTREAM:0,SOUNDCHANNELS:1,2"
target=0.50;discardreversals=2;startvalue=0.00;steps=[4  2  1];
threshold = [-18.75 ];
values = [0.00 -10.00 -20.00 -26.00 -16.00 -21.00 -19.50 -17.00 -19.50 -21.00 -21.50 -19.00 -20.50 -18.00 -18.50 -17.00 -16.50 -19.00 -16.50 -17.00 ];
reversals = [0 0 0 1 -1 1 0 -1 0 0 1 -1 1 -1 1 0 -1 1 -1 0 ];
measures = [0 0 0 0 0 1 1 1 1 1 1 1 1 1 1 1 1 1 1 1 ];
presentations = [1 2 3 4 5 6 7 8 9 10 11 12 13 14 15 16 17 18 19 20 ];
answers = [5 5 4 0 5 1 0 5 4 3 0 4 0 3 1 2 5 0 3 4 ];
adjustments = [-10 -10 -6 10 -5 1.5 2.5 -2.5 -1.5 -0.5 2.5 -1.5 2.5 -0.5 1.5 0.5 -2.5 2.5 -0.5 -1.5 ];
sentences = {'31601' '66553' '24318' '47048' '77974' '61793' '89135' '33980' '76802' '15149' '48835' '18314' '95569' '52277' '00456' '82487' '24621' '90790' '03262' '59026' };
offsets = [7128373 6268761 3857710 7477966 4757576 4650611 1210818 3817609 3633338 5307653 370243 2759706 3738026 4393227 3965953 7370995 4804586 6887421 5247508 4426871 ];

