# config: "EMA:1.1.0-APPP,ID:51020a-r,SETUP:KK1,SOUNDDEVICE:USB,SOUNDSTREAM:0,SOUNDCHANNELS:1,2"
target=0.50;discardreversals=2;startvalue=0.00;steps=[4  2  1];
threshold = [-2.25 ];
values = [0.00 10.00 0.00 -5.00 0.00 -2.50 0.00 -2.50 -1.00 -2.50 -4.00 -1.50 -2.00 -4.50 -2.00 -3.50 -1.00 -3.50 -2.00 -4.50 ];
reversals = [0 -1 0 1 -1 1 -1 1 -1 0 1 -1 0 1 -1 1 -1 1 -1 1 ];
measures = [0 0 0 0 1 1 1 1 1 1 1 1 1 1 1 1 1 1 1 1 ];
presentations = [1 2 3 4 5 6 7 8 9 10 11 12 13 14 15 16 17 18 19 20 ];
answers = [0 5 5 0 5 0 5 1 4 4 0 3 5 0 4 0 5 1 5 0 ];
adjustments = [10 -10 -5 5 -2.5 2.5 -2.5 1.5 -1.5 -1.5 2.5 -0.5 -2.5 2.5 -1.5 2.5 -2.5 1.5 -2.5 2.5 ];
sentences = {'07970' '89364' '29744' '34226' '51417' '82009' '90013' '46393' '63558' '76600' '02737' '78835' '44529' '15952' '68271' '95162' '23448' '10681' '51195' '37886' };
offsets = [7967967 7324708 1275387 7122648 305458 7157689 4153228 2130434 6063847 1369535 574104 5220735 118803 3164807 4790608 5373224 1898958 7428762 2212871 7105082 ];

