# config: "EMA:1.1.0-APPP,ID:51020a-r,SETUP:KK1,SOUNDDEVICE:USB,SOUNDSTREAM:0,SOUNDCHANNELS:1,2"
target=0.50;discardreversals=2;startvalue=0.00;steps=[4  2  1];
threshold = [-1.00 ];
values = [0.00 10.00 4.00 -1.00 -6.00 -1.00 -3.50 -2.00 -1.50 -2.00 -1.50 -1.00 0.50 -1.00 -1.50 1.00 -0.50 -1.00 0.50 2.00 ];
reversals = [0 -1 0 0 1 -1 1 0 -1 1 0 0 -1 0 1 -1 0 1 0 -1 ];
measures = [0 0 0 0 0 1 1 1 1 1 1 1 1 1 1 1 1 1 1 1 ];
presentations = [1 2 3 4 5 6 7 8 9 10 11 12 13 14 15 16 17 18 19 20 ];
answers = [0 4 5 5 0 5 1 2 3 2 2 1 4 3 0 4 3 1 1 5 ];
adjustments = [10 -6 -5 -5 5 -2.5 1.5 0.5 -0.5 0.5 0.5 1.5 -1.5 -0.5 2.5 -1.5 -0.5 1.5 1.5 -2.5 ];
sentences = {'67850' '39994' '80338' '26626' '34226' '29744' '78835' '51417' '63558' '18502' '43285' '10681' '72141' '05413' '07970' '95162' '94067' '82009' '51779' '46393' };
offsets = [5304893 2656801 5144745 8441138 7404399 3431712 1637059 3394355 1017571 4812390 3419874 4195009 2512685 733162 1832586 8272532 5618469 5581640 7844691 5105327 ];

