# config: "EMA:1.1.0-APPP,ID:51020a-r,SETUP:KK1,SOUNDDEVICE:USB,SOUNDSTREAM:0,SOUNDCHANNELS:1,2"
target=0.50;discardreversals=2;startvalue=0.00;steps=[4  2  1];
threshold = [1.00 ];
values = [0.00 -6.00 4.00 1.00 3.50 2.00 3.50 2.00 -0.50 -1.00 1.50 1.00 0.50 -1.00 -0.50 1.00 -1.50 1.00 -0.50 1.00 ];
reversals = [0 1 -1 1 -1 1 -1 0 0 1 -1 0 0 1 0 -1 1 -1 1 0 ];
measures = [0 0 0 1 1 1 1 1 1 1 1 1 1 1 1 1 1 1 1 1 ];
presentations = [1 2 3 4 5 6 7 8 9 10 11 12 13 14 15 16 17 18 19 20 ];
answers = [4 0 4 0 4 1 4 5 3 0 3 3 4 2 1 5 0 4 1 2 ];
adjustments = [-6 10 -3 2.5 -1.5 1.5 -1.5 -2.5 -0.5 2.5 -0.5 -0.5 -1.5 0.5 1.5 -2.5 2.5 -1.5 1.5 0.5 ];
sentences = {'41634' '22586' '74972' '61793' '30757' '76802' '24621' '52277' '89135' '03491' '16140' '18314' '47048' '95569' '68819' '55025' '33980' '99308' '87263' '00456' };
offsets = [685115 6517586 3326054 920895 5516808 136528 2764596 7518764 608910 7351260 650554 4944734 3927838 8569503 3119905 8645851 6676610 5760123 4620643 5456992 ];

