# config: "EMA:1.1.0-APPP,ID:51020a-r,SETUP:KK1,SOUNDDEVICE:USB,SOUNDSTREAM:0,SOUNDCHANNELS:1,2"
target=0.50;discardreversals=2;startvalue=0.00;steps=[4  2  1];
threshold = [0.25 ];
values = [0.00 10.00 0.00 5.00 4.50 2.00 0.50 -1.00 1.50 2.00 0.50 3.00 0.50 0.00 1.50 1.00 -1.50 0.00 -0.50 -2.00 ];
reversals = [0 -1 1 -1 0 0 0 1 0 -1 1 -1 0 1 -1 0 1 -1 0 1 ];
measures = [0 0 0 1 1 1 1 1 1 1 1 1 1 1 1 1 1 1 1 1 ];
presentations = [1 2 3 4 5 6 7 8 9 10 11 12 13 14 15 16 17 18 19 20 ];
answers = [0 5 0 3 5 4 4 0 2 4 0 5 3 1 3 5 1 3 4 0 ];
adjustments = [10 -10 5 -0.5 -2.5 -1.5 -1.5 2.5 0.5 -1.5 2.5 -2.5 -0.5 1.5 -0.5 -2.5 1.5 -0.5 -1.5 2.5 ];
sentences = {'48835' '12339' '59026' '77974' '06251' '03262' '44697' '90790' '85813' '98162' '31601' '24318' '21080' '50976' '33528' '15149' '66553' '77705' '69444' '82487' };
offsets = [8183506 1273764 6144632 7739665 4293091 2584043 7713532 6582418 2550324 1182838 7924864 109152 6269890 1731944 1935984 4196691 7419149 8389374 4715797 8008087 ];

