# config: "EMA:1.1.0-APPP,ID:51020a-r,SETUP:KK1,SOUNDDEVICE:USB,SOUNDSTREAM:0,SOUNDCHANNELS:1,2"
target=0.50;discardreversals=2;startvalue=0.00;steps=[4  2  1];
threshold = [-6.50 ];
values = [0.00 -6.00 -8.00 2.00 -1.00 -0.50 -3.00 -5.50 -6.00 -5.50 -7.00 -9.50 -7.00 -9.50 -8.00 -5.50 -8.00 -5.50 -8.00 -7.50 ];
reversals = [0 0 1 -1 1 -1 0 0 1 -1 0 1 -1 1 0 -1 1 -1 1 -1 ];
measures = [0 0 0 0 1 1 1 1 1 1 1 1 1 1 1 1 1 1 1 1 ];
presentations = [1 2 3 4 5 6 7 8 9 10 11 12 13 14 15 16 17 18 19 20 ];
answers = [4 3 0 4 2 5 5 3 2 4 5 0 5 1 0 5 0 5 2 4 ];
adjustments = [-6 -2 10 -3 0.5 -2.5 -2.5 -0.5 0.5 -1.5 -2.5 2.5 -2.5 1.5 2.5 -2.5 2.5 -2.5 0.5 -1.5 ];
sentences = {'45923' '03676' '29394' '08168' '69009' '91451' '66127' '14040' '35209' '22336' '93692' '87713' '48832' '54841' '87470' '36514' '70565' '11755' '70287' '52988' };
offsets = [7468373 987672 2413994 8408611 2449155 1421325 6639670 3231046 5334254 1229564 6715243 1102089 4005139 5844010 976554 46615 5454469 3207974 5788770 6140145 ];

