# config: "EMA:1.1.0-APPP,ID:51020a-r,SETUP:KK1,SOUNDDEVICE:USB,SOUNDSTREAM:0,SOUNDCHANNELS:1,2"
target=0.75;minreversals=14;discardreversals=4;minmeasures=25;startvalue=20.00;steps=[4  4  2  1];
threshold = [7.00 ];
values = [20.00 16.00 12.00 8.00 4.00 4.00 4.00 16.00 16.00 12.00 10.00 8.00 6.00 12.00 11.00 11.00 11.00 10.00 9.00 9.00 9.00 8.00 7.00 7.00 6.00 5.00 8.00 8.00 8.00 7.00 6.00 5.00 5.00 5.00 5.00 5.00 5.00 8.00 8.00 11.00 11.00 11.00 10.00 9.00 8.00 8.00 7.00 6.00 10.00 9.00 9.00 8.00 8.00 8.00 8.00 7.00 7.00 6.00 9.00 9.00 8.00 7.00 6.00 5.00 8.00 8.00 8.00 8.00 8.00 7.00 6.00 6.00 6.00 6.00 6.00 6.00 6.00 9.00 9.00 9.00 ];
reversals = [0 0 0 0 0 0 1 0 -1 0 0 0 1 -1 0 0 0 0 0 0 0 0 0 0 0 1 0 0 -1 0 0 0 0 0 0 0 1 0 0 0 0 -1 0 0 0 0 0 1 -1 0 0 0 0 0 0 0 0 1 0 -1 0 0 0 1 0 0 0 0 -1 0 0 0 0 0 0 0 1 0 0 -1 ];
measures = [0 0 0 0 0 0 0 0 0 0 0 0 0 0 0 0 0 0 0 0 0 0 0 0 0 1 1 1 1 1 1 1 1 1 1 1 1 1 1 1 1 1 1 1 1 1 1 1 1 1 1 1 1 1 1 1 1 1 1 1 1 1 1 1 1 1 1 1 1 1 1 1 1 1 1 1 1 1 1 1 ];
presentations = [1 1 1 1 0 0 1 0 1 1 1 1 1 1 0 0 1 1 0 0 1 1 0 1 1 1 0 0 1 1 1 0 0 0 0 0 1 0 1 0 0 1 1 1 0 1 1 0 1 0 1 0 0 0 1 0 1 1 0 1 1 1 1 1 0 0 0 0 1 1 0 0 0 0 0 0 1 0 0 1 ];
answers = [1 1 1 1 0 0 0 0 1 1 1 1 0 1 0 0 1 1 0 0 1 1 0 1 1 0 0 0 1 1 1 0 0 0 0 0 0 0 0 0 0 1 1 1 0 1 1 1 1 0 1 0 0 0 1 0 1 0 0 1 1 1 1 0 0 0 0 0 1 1 0 0 0 0 0 0 0 0 0 1 ];
adjustments = [-4 -4 -4 -4 0 0 12 0 -4 -2 -2 -2 6 -1 0 0 -1 -1 0 0 -1 -1 0 -1 -1 3 0 0 -1 -1 -1 0 0 0 0 0 3 0 3 0 0 -1 -1 -1 0 -1 -1 4 -1 0 -1 0 0 0 -1 0 -1 3 0 -1 -1 -1 -1 3 0 0 0 0 -1 -1 0 0 0 0 0 0 3 0 0 -1 ];
offsets = [1015497 441662 82852 1549242 3128179 478619 1660316 4308981 2620893 4189023 579844 572776 4396510 4683506 975460 4080051 1964333 3850155 4125758 138725 3979211 4852138 5011867 2106592 2576185 4954268 3127608 1766138 4744906 2375087 5079664 349032 99060 4450148 4967065 563197 2265901 4643115 2369383 2489321 1615267 3483391 4143449 4499824 3764805 509374 1681678 3864461 366053 2878928 277784 2331562 2332886 2710930 4820223 4925698 1192226 2187187 325407 841466 1773160 4394521 6161 1426340 1247204 3999817 356654 1991797 2630255 335590 3273679 4260892 3507998 547561 3954168 2434059 1017019 573756 421511 3222019 ];

