# config: "EMA:1.1.0-APPP,ID:51020a-r,SETUP:KK1,SOUNDDEVICE:USB,SOUNDSTREAM:0,SOUNDCHANNELS:1,2"
target=0.75;minreversals=14;discardreversals=4;minmeasures=25;startvalue=20.00;steps=[4  4  2  1];
threshold = [5.00 ];
values = [20.00 16.00 12.00 8.00 8.00 8.00 4.00 16.00 12.00 12.00 10.00 8.00 6.00 6.00 6.00 6.00 6.00 12.00 11.00 10.00 9.00 9.00 8.00 8.00 7.00 7.00 7.00 6.00 5.00 5.00 5.00 4.00 3.00 3.00 3.00 3.00 6.00 6.00 5.00 5.00 5.00 4.00 4.00 4.00 4.00 7.00 6.00 5.00 8.00 8.00 8.00 8.00 8.00 8.00 8.00 7.00 7.00 7.00 6.00 5.00 5.00 4.00 4.00 3.00 6.00 5.00 4.00 4.00 3.00 3.00 2.00 2.00 5.00 4.00 7.00 6.00 6.00 5.00 4.00 4.00 4.00 4.00 7.00 ];
reversals = [0 0 0 0 0 0 1 -1 0 0 0 0 0 0 0 0 1 -1 0 0 0 0 0 0 0 0 0 0 0 0 0 0 0 0 0 1 0 -1 0 0 0 0 0 0 1 -1 0 1 0 0 0 0 0 0 -1 0 0 0 0 0 0 0 0 1 -1 0 0 0 0 0 0 1 -1 1 -1 0 0 0 0 0 0 1 -1 ];
measures = [0 0 0 0 0 0 0 0 0 0 0 0 0 0 0 0 0 0 0 0 0 0 0 0 0 0 0 0 0 0 0 0 0 0 0 1 1 1 1 1 1 1 1 1 1 1 1 1 1 1 1 1 1 1 1 1 1 1 1 1 1 1 1 1 1 1 1 1 1 1 1 1 1 1 1 1 1 1 1 1 1 1 1 ];
presentations = [1 1 1 0 0 1 1 1 0 1 1 1 0 0 0 0 1 1 1 1 0 1 0 1 0 0 1 1 0 0 1 1 0 0 0 1 0 1 0 0 1 0 0 0 1 1 1 1 0 0 0 0 0 0 1 0 0 1 1 0 1 0 1 1 1 1 0 1 0 1 0 1 1 1 1 0 1 1 0 0 0 1 1 ];
answers = [1 1 1 0 0 1 0 1 0 1 1 1 0 0 0 0 0 1 1 1 0 1 0 1 0 0 1 1 0 0 1 1 0 0 0 0 0 1 0 0 1 0 0 0 0 1 1 0 0 0 0 0 0 0 1 0 0 1 1 0 1 0 1 0 1 1 0 1 0 1 0 0 1 0 1 0 1 1 0 0 0 0 1 ];
adjustments = [-4 -4 -4 0 0 -4 12 -4 0 -2 -2 -2 0 0 0 0 6 -1 -1 -1 0 -1 0 -1 0 0 -1 -1 0 0 -1 -1 0 0 0 3 0 -1 0 0 -1 0 0 0 3 -1 -1 3 0 0 0 0 0 0 -1 0 0 -1 -1 0 -1 0 -1 3 -1 -1 0 -1 0 -1 0 3 -1 3 -1 0 -1 -1 0 0 0 3 -1 ];
offsets = [3833242 4107023 1658932 1175860 2698177 2277901 4279687 4342740 5188759 3099369 1942878 53421 753553 4693861 4741813 4249072 5125262 5123954 152859 2239124 190499 2979837 4828735 2275226 4499458 1817901 4902609 3138487 3477319 12798 4428381 278770 4340275 151157 2330440 1125834 4024807 74833 4873098 3435347 2845862 667275 4444056 234228 2020236 736360 3388065 1673701 3178221 1170893 3409941 573776 4979305 4520934 1474676 1598477 4894796 1164731 908867 1887063 2072891 3563092 4357854 1194997 3299849 3898269 913848 2121375 1135642 4067224 348271 1616957 2436738 2586034 4827030 2591776 3630256 366388 5246146 3748825 888904 2931433 4539582 ];

