# config: "EMA:1.1.0-APPP,ID:51020a-r,SETUP:KK1,SOUNDDEVICE:USB,SOUNDSTREAM:0,SOUNDCHANNELS:1,2"
target=0.75;minreversals=14;discardreversals=4;minmeasures=25;startvalue=20.00;steps=[4  4  2  1];
threshold = [1.00 ];
values = [20.00 16.00 12.00 8.00 4.00 0.00 0.00 12.00 12.00 8.00 8.00 8.00 8.00 6.00 4.00 4.00 2.00 0.00 -2.00 -4.00 -4.00 -4.00 2.00 2.00 2.00 5.00 4.00 4.00 3.00 3.00 3.00 2.00 1.00 5.00 5.00 5.00 5.00 5.00 5.00 4.00 3.00 3.00 2.00 2.00 2.00 1.00 1.00 0.00 -1.00 -1.00 2.00 1.00 0.00 0.00 4.00 3.00 2.00 1.00 0.00 0.00 -1.00 -1.00 -2.00 -2.00 1.00 0.00 -1.00 -2.00 2.00 2.00 1.00 0.00 4.00 3.00 2.00 2.00 1.00 ];
reversals = [0 0 0 0 0 0 1 0 -1 0 0 0 0 0 0 0 0 0 0 0 0 1 0 0 0 -1 0 0 0 0 0 0 1 0 0 0 0 0 -1 0 0 0 0 0 0 0 0 0 0 1 -1 0 0 1 -1 0 0 0 0 0 0 0 0 1 -1 0 0 1 0 -1 0 1 -1 0 0 0 0 ];
measures = [0 0 0 0 0 0 0 0 0 0 0 0 0 0 0 0 0 0 0 0 0 0 0 0 0 0 0 0 0 0 0 0 1 1 1 1 1 1 1 1 1 1 1 1 1 1 1 1 1 1 1 1 1 1 1 1 1 1 1 1 1 1 1 1 1 1 1 1 1 1 1 1 1 1 1 1 1 ];
presentations = [1 1 1 1 1 0 1 0 1 0 0 0 1 1 0 1 1 1 1 0 0 1 0 0 1 1 0 1 0 0 1 1 0 0 0 0 0 0 1 1 0 1 0 0 1 0 1 1 0 1 1 1 0 0 1 1 1 1 0 1 0 1 0 1 1 1 1 0 0 1 1 0 1 1 0 1 1 ];
answers = [1 1 1 1 1 0 0 0 1 0 0 0 1 1 0 1 1 1 1 0 0 0 0 0 0 1 0 1 0 0 1 1 1 0 0 0 0 0 1 1 0 1 0 0 1 0 1 1 0 0 1 1 0 1 1 1 1 1 0 1 0 1 0 0 1 1 1 1 0 1 1 1 1 1 0 1 1 ];
adjustments = [-4 -4 -4 -4 -4 0 12 0 -4 0 0 0 -2 -2 0 -2 -2 -2 -2 0 0 6 0 0 3 -1 0 -1 0 0 -1 -1 4 0 0 0 0 0 -1 -1 0 -1 0 0 -1 0 -1 -1 0 3 -1 -1 0 4 -1 -1 -1 -1 0 -1 0 -1 0 3 -1 -1 -1 4 0 -1 -1 4 -1 -1 0 -1 -1 ];
offsets = [4404514 4593312 5130233 4898457 3317083 4728755 957699 1206837 4763605 3523090 374271 4647337 1751791 782306 2192572 3383905 3366037 4838637 2209179 261731 4712758 2287973 2918019 4613900 2919921 384133 2986481 3232535 3520362 4612785 1962621 798879 2901596 678051 3484912 2356623 1602862 3243664 3041620 1990611 607078 4807806 5218734 953140 400246 812100 244946 4526224 2175445 2214336 2530519 1247108 3012375 3991393 3671674 2984729 4780277 1143728 4484897 1591382 3724184 2806675 4416057 3005093 5157754 2366341 102361 1356340 1772172 838291 560235 4441566 4127980 4706052 155828 3814841 2579371 ];

