# config: "EMA:1.1.0-APPP,ID:51020a-r,SETUP:KK1,SOUNDDEVICE:USB,SOUNDSTREAM:0,SOUNDCHANNELS:1,2"
target=0.75;minreversals=14;discardreversals=4;minmeasures=25;startvalue=20.00;steps=[4  4  2  1];
threshold = [3.50 ];
values = [20.00 16.00 12.00 8.00 8.00 4.00 4.00 0.00 0.00 12.00 8.00 8.00 6.00 6.00 6.00 6.00 4.00 2.00 2.00 2.00 0.00 0.00 -2.00 4.00 4.00 4.00 3.00 2.00 2.00 1.00 1.00 1.00 1.00 1.00 1.00 1.00 4.00 4.00 4.00 3.00 2.00 2.00 2.00 1.00 0.00 0.00 0.00 3.00 2.00 1.00 1.00 4.00 4.00 4.00 3.00 2.00 1.00 0.00 3.00 2.00 1.00 4.00 8.00 7.00 6.00 10.00 9.00 13.00 12.00 11.00 11.00 10.00 10.00 9.00 9.00 ];
reversals = [0 0 0 0 0 0 0 0 1 -1 0 0 0 0 0 0 0 0 0 0 0 0 1 0 0 -1 0 0 0 0 0 0 0 0 0 1 0 0 -1 0 0 0 0 0 0 0 1 -1 0 0 1 0 0 -1 0 0 0 1 -1 0 1 0 -1 0 1 -1 1 -1 0 0 0 0 0 0 0 ];
measures = [0 0 0 0 0 0 0 0 0 0 0 0 0 0 0 0 0 0 0 0 0 0 0 0 0 0 0 0 0 0 0 0 0 0 0 1 1 1 1 1 1 1 1 1 1 1 1 1 1 1 1 1 1 1 1 1 1 1 1 1 1 1 1 1 1 1 1 1 1 1 1 1 1 1 1 ];
presentations = [1 1 1 0 1 0 1 0 1 1 0 1 0 0 0 1 1 0 0 1 0 1 1 0 0 1 1 0 1 0 0 0 0 0 0 1 0 0 1 1 0 0 1 1 0 0 1 1 1 0 1 0 0 1 1 1 1 1 1 1 1 0 1 1 0 1 0 1 1 0 1 0 1 0 1 ];
answers = [1 1 1 0 1 0 1 0 0 1 0 1 0 0 0 1 1 0 0 1 0 1 0 0 0 1 1 0 1 0 0 0 0 0 0 0 0 0 1 1 0 0 1 1 0 0 0 1 1 0 0 0 0 1 1 1 1 0 1 1 0 1 1 1 1 1 1 1 1 0 1 0 1 0 1 ];
adjustments = [-4 -4 -4 0 -4 0 -4 0 12 -4 0 -2 0 0 0 -2 -2 0 0 -2 0 -2 6 0 0 -1 -1 0 -1 0 0 0 0 0 0 3 0 0 -1 -1 0 0 -1 -1 0 0 3 -1 -1 0 3 0 0 -1 -1 -1 -1 3 -1 -1 3 4 -1 -1 4 -1 4 -1 -1 0 -1 0 -1 0 -1 ];
offsets = [4622642 1160575 5063010 2073550 1920708 1290487 4249758 1622233 3664207 1066965 1543447 2052465 1821743 1402079 2373394 584914 2972316 770571 4706424 4350923 3006926 632207 2064733 1252485 604039 3849520 5219753 3011942 1537993 2903447 70135 3596073 2169324 2567201 3420944 4853953 1767034 629935 3300666 3982907 4444689 2029298 1271907 3149851 3731795 2374342 3493043 268731 4944271 438104 3915889 3737726 2776189 743431 2914335 4729908 3954841 4732021 5034592 3795733 4247666 4762687 844094 374146 869003 3277435 605389 4535923 4192744 3843252 1290606 3173659 4834428 3146304 4292902 ];

