# config: "EMA:1.1.0-APPP,ID:51020a-r,SETUP:KK1,SOUNDDEVICE:USB,SOUNDSTREAM:0,SOUNDCHANNELS:1,2"
target=0.75;minreversals=14;discardreversals=4;minmeasures=25;startvalue=20.00;steps=[4  4  2  1];
threshold = [3.50 ];
values = [20.00 16.00 12.00 8.00 4.00 16.00 12.00 10.00 8.00 8.00 6.00 4.00 4.00 10.00 10.00 9.00 8.00 7.00 6.00 6.00 6.00 6.00 5.00 5.00 4.00 4.00 3.00 2.00 2.00 1.00 0.00 0.00 0.00 3.00 3.00 3.00 3.00 3.00 6.00 5.00 4.00 3.00 2.00 2.00 5.00 5.00 5.00 5.00 4.00 4.00 4.00 3.00 2.00 1.00 1.00 4.00 3.00 3.00 3.00 3.00 2.00 2.00 2.00 1.00 4.00 4.00 7.00 7.00 6.00 5.00 4.00 3.00 7.00 6.00 5.00 4.00 ];
reversals = [0 0 0 0 1 -1 0 0 0 0 0 0 1 0 -1 0 0 0 0 0 0 0 0 0 0 0 0 0 0 0 0 0 1 0 0 0 0 0 -1 0 0 0 0 1 0 0 0 -1 0 0 0 0 0 0 1 -1 0 0 0 0 0 0 0 1 0 0 0 -1 0 0 0 1 -1 0 0 0 ];
measures = [0 0 0 0 0 0 0 0 0 0 0 0 0 0 0 0 0 0 0 0 0 0 0 0 0 0 0 0 0 0 0 0 1 1 1 1 1 1 1 1 1 1 1 1 1 1 1 1 1 1 1 1 1 1 1 1 1 1 1 1 1 1 1 1 1 1 1 1 1 1 1 1 1 1 1 1 ];
presentations = [1 1 1 1 1 1 1 1 0 1 1 0 1 0 1 1 1 1 0 0 0 1 0 1 0 1 1 0 1 1 0 0 1 0 0 0 0 1 1 1 1 1 0 1 0 0 0 1 0 0 1 1 1 0 1 1 0 0 0 1 0 0 1 1 0 1 0 1 1 1 1 0 1 1 1 1 ];
answers = [1 1 1 1 0 1 1 1 0 1 1 0 0 0 1 1 1 1 0 0 0 1 0 1 0 1 1 0 1 1 0 0 0 0 0 0 0 0 1 1 1 1 0 0 0 0 0 1 0 0 1 1 1 0 0 1 0 0 0 1 0 0 1 0 0 0 0 1 1 1 1 1 1 1 1 1 ];
adjustments = [-4 -4 -4 -4 12 -4 -2 -2 0 -2 -2 0 6 0 -1 -1 -1 -1 0 0 0 -1 0 -1 0 -1 -1 0 -1 -1 0 0 3 0 0 0 0 3 -1 -1 -1 -1 0 3 0 0 0 -1 0 0 -1 -1 -1 0 3 -1 0 0 0 -1 0 0 -1 3 0 3 0 -1 -1 -1 -1 4 -1 -1 -1 -1 ];
offsets = [936436 703259 981180 1305193 2720090 3415686 3003318 4497026 3784524 4975288 1670027 1466706 1285320 3073413 890772 363904 404722 4696394 3032362 1128579 2024797 1012177 1872133 3534252 3890149 444525 3138774 1908964 1599940 4798559 2329501 4797728 3240303 2119451 3031116 5077521 676941 560941 1708212 5239356 2470584 2794838 674617 3751455 3020049 2542184 2102817 4334691 986353 420762 1999168 3704521 3057887 161664 535118 1691476 744302 1649833 4881025 4728374 1972664 5007705 4699475 4759688 3672819 3297592 2815750 3159265 3351942 1207985 3187943 1655614 640681 381802 1070676 4283071 ];

