# config: "EMA:1.1.0-APPP,ID:listener08-l,SETUP:KK1,SOUNDDEVICE:USB,SOUNDSTREAM:0,SOUNDCHANNELS:1,2"
target=0.75;minreversals=14;discardreversals=4;minmeasures=25;startvalue=70.00;steps=[8  8  4  2];
threshold = [120.00 ];
values = [70.00 94.00 118.00 110.00 110.00 110.00 110.00 110.00 134.00 130.00 130.00 128.00 126.00 124.00 124.00 124.00 124.00 122.00 122.00 120.00 120.00 118.00 116.00 116.00 114.00 114.00 120.00 120.00 118.00 116.00 116.00 116.00 116.00 114.00 120.00 120.00 118.00 118.00 118.00 118.00 116.00 114.00 120.00 118.00 116.00 114.00 120.00 118.00 118.00 116.00 116.00 114.00 120.00 118.00 118.00 118.00 118.00 118.00 118.00 116.00 116.00 114.00 120.00 118.00 118.00 116.00 114.00 120.00 120.00 ];
reversals = [0 0 -1 0 0 0 0 1 -1 0 0 0 0 0 0 0 0 0 0 0 0 0 0 0 0 1 0 -1 0 0 0 0 0 1 0 -1 0 0 0 0 0 1 -1 0 0 1 -1 0 0 0 0 1 -1 0 0 0 0 0 0 0 0 1 -1 0 0 0 1 0 -1 ];
measures = [0 0 0 0 0 0 0 0 0 0 0 0 0 0 0 0 0 0 0 0 0 0 0 0 0 0 0 1 1 1 1 1 1 1 1 1 1 1 1 1 1 1 1 1 1 1 1 1 1 1 1 1 1 1 1 1 1 1 1 1 1 1 1 1 1 1 1 1 1 ];
presentations = [1 1 1 0 0 0 0 1 1 0 1 1 1 0 0 0 1 0 1 0 1 1 0 1 0 1 0 1 1 0 0 0 1 1 0 1 0 0 0 1 1 1 1 1 1 1 1 0 1 0 1 1 1 0 0 0 0 0 1 0 1 1 1 0 1 1 1 0 1 ];
answers = [0 0 1 0 0 0 0 0 1 0 1 1 1 0 0 0 1 0 1 0 1 1 0 1 0 0 0 1 1 0 0 0 1 0 0 1 0 0 0 1 1 0 1 1 1 0 1 0 1 0 1 0 1 0 0 0 0 0 1 0 1 0 1 0 1 1 0 0 1 ];
adjustments = [24 24 -8 0 0 0 0 24 -4 0 -2 -2 -2 0 0 0 -2 0 -2 0 -2 -2 0 -2 0 6 0 -2 -2 0 0 0 -2 6 0 -2 0 0 0 -2 -2 6 -2 -2 -2 6 -2 0 -2 0 -2 6 -2 0 0 0 0 0 -2 0 -2 6 -2 0 -2 -2 6 0 -2 ];

