# config: "EMA:1.1.0-APPP,ID:listener08-l,SETUP:KK1,SOUNDDEVICE:USB,SOUNDSTREAM:0,SOUNDCHANNELS:1,2"
target=0.75;minreversals=14;discardreversals=4;minmeasures=25;startvalue=70.00;steps=[8  8  4  2];
threshold = [35.00 ];
values = [70.00 62.00 54.00 46.00 46.00 46.00 38.00 30.00 54.00 46.00 42.00 42.00 38.00 38.00 38.00 50.00 50.00 48.00 48.00 46.00 44.00 44.00 42.00 40.00 38.00 38.00 36.00 34.00 34.00 34.00 40.00 38.00 38.00 36.00 36.00 34.00 34.00 34.00 40.00 40.00 38.00 36.00 34.00 32.00 30.00 30.00 30.00 30.00 36.00 34.00 34.00 34.00 32.00 30.00 30.00 36.00 36.00 34.00 34.00 34.00 34.00 32.00 32.00 30.00 28.00 28.00 28.00 28.00 28.00 28.00 34.00 40.00 40.00 38.00 38.00 38.00 36.00 36.00 34.00 ];
reversals = [0 0 0 0 0 0 0 1 -1 0 0 0 0 0 1 0 -1 0 0 0 0 0 0 0 0 0 0 0 0 1 -1 0 0 0 0 0 0 1 0 -1 0 0 0 0 0 0 0 1 -1 0 0 0 0 0 1 0 -1 0 0 0 0 0 0 0 0 0 0 0 0 1 0 0 -1 0 0 0 0 0 0 ];
measures = [0 0 0 0 0 0 0 0 0 0 0 0 0 0 0 0 0 0 0 0 0 0 0 0 0 0 0 0 0 1 1 1 1 1 1 1 1 1 1 1 1 1 1 1 1 1 1 1 1 1 1 1 1 1 1 1 1 1 1 1 1 1 1 1 1 1 1 1 1 1 1 1 1 1 1 1 1 1 1 ];
presentations = [1 1 1 0 0 1 1 1 1 1 0 1 0 0 1 0 1 0 1 1 0 1 1 1 0 1 1 0 0 1 1 0 1 0 1 0 0 1 0 1 1 1 1 1 0 0 0 1 1 0 0 1 1 0 1 0 1 0 0 0 1 0 1 1 0 0 0 0 0 1 1 0 1 0 0 1 0 1 1 ];
answers = [1 1 1 0 0 1 1 0 1 1 0 1 0 0 0 0 1 0 1 1 0 1 1 1 0 1 1 0 0 0 1 0 1 0 1 0 0 0 0 1 1 1 1 1 0 0 0 0 1 0 0 1 1 0 0 0 1 0 0 0 1 0 1 1 0 0 0 0 0 0 0 0 1 0 0 1 0 1 1 ];
adjustments = [-8 -8 -8 0 0 -8 -8 24 -8 -4 0 -4 0 0 12 0 -2 0 -2 -2 0 -2 -2 -2 0 -2 -2 0 0 6 -2 0 -2 0 -2 0 0 6 0 -2 -2 -2 -2 -2 0 0 0 6 -2 0 0 -2 -2 0 6 0 -2 0 0 0 -2 0 -2 -2 0 0 0 0 0 6 6 0 -2 0 0 -2 0 -2 -2 ];

