# config: "EMA:1.1.0-APPP,ID:listener08-l,SETUP:KK1,SOUNDDEVICE:USB,SOUNDSTREAM:0,SOUNDCHANNELS:1,2"
target=0.50;discardreversals=2;startvalue=0.00;steps=[4  2  1];
threshold = [-14.75 ];
values = [0.00 -10.00 -20.00 -14.00 -15.00 -14.50 -15.00 -15.50 -18.00 -20.50 -19.00 -18.50 -18.00 -17.50 -15.00 -13.50 -16.00 -17.50 -16.00 -13.50 ];
reversals = [0 0 1 -1 1 -1 0 0 0 1 0 0 0 0 0 -1 0 1 0 -1 ];
measures = [0 0 0 0 1 1 1 1 1 1 1 1 1 1 1 1 1 1 1 1 ];
presentations = [1 2 3 4 5 6 7 8 9 10 11 12 13 14 15 16 17 18 19 20 ];
answers = [5 5 1 3 2 3 3 5 5 1 2 2 2 0 1 5 4 1 0 3 ];
adjustments = [-10 -10 6 -1 0.5 -0.5 -0.5 -2.5 -2.5 1.5 0.5 0.5 0.5 2.5 1.5 -2.5 -1.5 1.5 2.5 -0.5 ];
sentences = {'24621' '07970' '63558' '95569' '76802' '61793' '34226' '46393' '00456' '51417' '82009' '18314' '95162' '89135' '29744' '10681' '33980' '78835' '47048' '52277' };
offsets = [1962951 3031628 4833702 6735452 5278837 4217351 4531636 5288091 6561793 2373614 2210647 4649904 557299 3383138 5485970 1161751 675075 6458334 6926306 5646553 ];

