# config: "EMA:1.1.0-APPP,ID:listener08-l,SETUP:KK1,SOUNDDEVICE:USB,SOUNDSTREAM:0,SOUNDCHANNELS:1,2"
target=0.50;discardreversals=2;startvalue=0.00;steps=[4  2  1];
threshold = [-28.50 ];
values = [0.00 -10.00 -16.00 -26.00 -24.00 -27.00 -27.50 -27.00 -27.50 -30.00 -28.50 -29.00 -27.50 -26.00 -24.50 -26.00 -26.50 -29.00 -27.50 -29.00 ];
reversals = [0 0 0 1 -1 0 1 -1 0 1 -1 1 0 0 -1 0 0 1 -1 1 ];
measures = [0 0 0 0 0 0 1 1 1 1 1 1 1 1 1 1 1 1 1 1 ];
presentations = [1 2 3 4 5 6 7 8 9 10 11 12 13 14 15 16 17 18 19 20 ];
answers = [5 4 5 2 4 3 2 3 5 1 3 1 1 1 4 3 5 1 4 1 ];
adjustments = [-10 -6 -10 2 -3 -0.5 0.5 -0.5 -2.5 1.5 -0.5 1.5 1.5 1.5 -1.5 -0.5 -2.5 1.5 -1.5 1.5 ];
sentences = {'45923' '11755' '70287' '93692' '21080' '12339' '98162' '22336' '44697' '85813' '69444' '08168' '50976' '54841' '33528' '06251' '69009' '87470' '77705' '36514' };
offsets = [359375 3914899 4143684 4072678 5957502 7057284 6406487 1720784 2344276 2740485 5975762 769834 1320580 2803159 4171347 2250477 6585597 2315144 7481273 5405147 ];

