# config: "EMA:1.1.0-APPP,ID:listener08-l,SETUP:KK1,SOUNDDEVICE:USB,SOUNDSTREAM:0,SOUNDCHANNELS:1,2"
target=0.50;discardreversals=2;startvalue=0.00;steps=[4  2  1];
threshold = [-3.00 ];
values = [0.00 6.00 0.00 -1.00 -4.00 1.00 -0.50 -1.00 -1.50 -3.00 -3.50 -6.00 -3.50 -3.00 -4.50 -2.00 -1.50 -4.00 -2.50 -2.00 ];
reversals = [0 -1 0 0 1 -1 0 0 0 0 0 1 0 -1 1 0 -1 1 0 -1 ];
measures = [0 0 0 0 0 1 1 1 1 1 1 1 1 1 1 1 1 1 1 1 ];
presentations = [1 2 3 4 5 6 7 8 9 10 11 12 13 14 15 16 17 18 19 20 ];
answers = [1 4 3 4 0 4 3 3 4 3 5 0 2 4 0 2 5 1 2 4 ];
adjustments = [6 -6 -1 -3 5 -1.5 -0.5 -0.5 -1.5 -0.5 -2.5 2.5 0.5 -1.5 2.5 0.5 -2.5 1.5 0.5 -1.5 ];
sentences = {'18348' '51437' '33528' '69444' '12339' '92629' '23081' '21080' '70762' '47173' '50976' '98162' '65555' '85813' '06251' '34994' '86800' '09216' '44697' '77705' };
offsets = [4152134 7649484 7312494 1268941 8190453 3822995 6390378 3002959 7943308 4071654 6954260 4670518 6064848 4730514 7821162 4462922 8152475 8149227 7890071 4266234 ];

