# config: "EMA:1.1.0-APPP,ID:listener08-l,SETUP:KK1,SOUNDDEVICE:USB,SOUNDSTREAM:0,SOUNDCHANNELS:1,2"
target=0.50;discardreversals=2;startvalue=0.00;steps=[4  2  1];
threshold = [-26.50 ];
values = [0.00 -10.00 -16.00 -26.00 -20.00 -23.00 -24.50 -26.00 -25.50 -27.00 -25.50 -25.00 -27.50 -26.00 -25.50 -27.00 -26.50 -28.00 -28.50 -26.00 ];
reversals = [0 0 0 1 -1 0 0 1 -1 1 0 -1 1 0 -1 1 -1 0 1 0 ];
measures = [0 0 0 0 0 0 0 1 1 1 1 1 1 1 1 1 1 1 1 1 ];
presentations = [1 2 3 4 5 6 7 8 9 10 11 12 13 14 15 16 17 18 19 20 ];
answers = [5 4 5 1 4 4 4 2 4 1 2 5 1 2 4 2 4 3 0 1 ];
adjustments = [-10 -6 -10 6 -3 -1.5 -1.5 0.5 -1.5 1.5 0.5 -2.5 1.5 0.5 -1.5 0.5 -1.5 -0.5 2.5 1.5 ];
sentences = {'50976' '80338' '26626' '67850' '12339' '21080' '69444' '43285' '77705' '51779' '98162' '44697' '18502' '72141' '05413' '06251' '94067' '85813' '39994' '33528' };
offsets = [3457029 3080743 4618512 5956273 6800152 380868 4752365 1877591 410773 7304833 7521637 5041815 4068515 2570211 5170088 2650023 5062997 2800582 7070244 1416397 ];

