# config: "EMA:1.1.0-APPP,ID:listener08-l,SETUP:KK1,SOUNDDEVICE:USB,SOUNDSTREAM:0,SOUNDCHANNELS:1,2"
target=0.50;discardreversals=2;startvalue=0.00;steps=[4  2  1];
threshold = [1.75 ];
values = [0.00 10.00 0.00 1.00 0.50 2.00 1.50 3.00 1.50 3.00 1.50 1.00 2.50 2.00 1.50 1.00 3.50 2.00 2.50 1.00 ];
reversals = [0 -1 1 -1 1 -1 1 -1 1 -1 0 1 -1 0 0 1 -1 1 -1 1 ];
measures = [0 0 0 1 1 1 1 1 1 1 1 1 1 1 1 1 1 1 1 1 ];
presentations = [1 2 3 4 5 6 7 8 9 10 11 12 13 14 15 16 17 18 19 20 ];
answers = [0 5 2 3 1 3 1 4 1 4 3 1 3 3 3 0 4 2 4 1 ];
adjustments = [10 -10 1 -0.5 1.5 -0.5 1.5 -1.5 1.5 -1.5 -0.5 1.5 -0.5 -0.5 -0.5 2.5 -1.5 0.5 -1.5 1.5 ];
sentences = {'77705' '22586' '50976' '74972' '12339' '98162' '30757' '55025' '41634' '21080' '44697' '03491' '99308' '87263' '16140' '69444' '68819' '06251' '85813' '33528' };
offsets = [6477863 8415726 5562050 5374422 5091922 3698725 1222498 4709654 5998811 534924 4931662 3560344 6617895 3594900 1618005 1308860 1502745 3285596 1217336 4293879 ];

