# config: "EMA:1.1.0-APPP,ID:listener08-l,SETUP:KK1,SOUNDDEVICE:USB,SOUNDSTREAM:0,SOUNDCHANNELS:1,2"
target=0.50;discardreversals=2;startvalue=0.00;steps=[4  2  1];
threshold = [1.00 ];
values = [0.00 10.00 0.00 1.00 -0.50 -2.00 0.50 0.00 -1.50 1.00 0.50 -1.00 0.50 2.00 3.50 2.00 2.50 2.00 1.50 1.00 ];
reversals = [0 -1 1 -1 0 1 -1 0 1 -1 0 1 0 0 -1 1 -1 0 0 0 ];
measures = [0 0 0 1 1 1 1 1 1 1 1 1 1 1 1 1 1 1 1 1 ];
presentations = [1 2 3 4 5 6 7 8 9 10 11 12 13 14 15 16 17 18 19 20 ];
answers = [0 5 2 4 4 0 3 4 0 3 4 1 1 1 4 2 3 3 3 3 ];
adjustments = [10 -10 1 -1.5 -1.5 2.5 -0.5 -1.5 2.5 -0.5 -1.5 1.5 1.5 1.5 -1.5 0.5 -0.5 -0.5 -0.5 -0.5 ];
sentences = {'47173' '06251' '51437' '70762' '23081' '21080' '44697' '92629' '34994' '69444' '85813' '98162' '50976' '86800' '65555' '12339' '77705' '18348' '33528' '09216' };
offsets = [3829621 1336494 4259693 3517116 23991 3964810 8446224 1405353 982150 267995 5397229 2878465 968066 4869193 5712529 3207729 7222866 4196711 77108 5845520 ];

