# config: "EMA:1.1.0-APPP,ID:listener08-l,SETUP:KK1,SOUNDDEVICE:USB,SOUNDSTREAM:0,SOUNDCHANNELS:1,2"
target=0.50;discardreversals=2;startvalue=0.00;steps=[4  2  1];
threshold = [9.00 ];
values = [0.00 10.00 16.00 18.00 20.00 14.00 13.00 10.00 11.00 10.50 9.00 7.50 8.00 10.50 8.00 7.50 7.00 6.50 6.00 3.50 ];
reversals = [0 0 0 0 -1 0 0 1 -1 0 0 1 0 -1 0 0 0 0 0 1 ];
measures = [0 0 0 0 0 0 0 0 1 1 1 1 1 1 1 1 1 1 1 1 ];
presentations = [1 2 3 4 5 6 7 8 9 10 11 12 13 14 15 16 17 18 19 20 ];
answers = [0 1 2 2 4 3 4 2 3 4 4 2 0 5 3 3 3 3 5 2 ];
adjustments = [10 6 2 2 -6 -1 -3 1 -0.5 -1.5 -1.5 0.5 2.5 -2.5 -0.5 -0.5 -0.5 -0.5 -2.5 0.5 ];
sentences = {'51195' '08168' '02737' '11755' '45923' '37886' '70287' '23448' '69009' '15952' '22336' '68271' '93692' '87470' '90013' '89364' '36514' '76600' '54841' '44529' };
offsets = [8286593 6291161 4627667 546287 2449943 7531261 1211907 3197342 7213177 4081790 8539737 5333483 4888191 6711878 5650608 2316989 3642331 6299759 3965602 6349322 ];

