# config: "EMA:1.1.0-APPP,ID:listener08-l,SETUP:KK1,SOUNDDEVICE:USB,SOUNDSTREAM:0,SOUNDCHANNELS:1,2"
target=0.50;discardreversals=2;startvalue=0.00;steps=[4  2  1];
threshold = [8.50 ];
values = [0.00 10.00 4.00 7.00 8.50 9.00 7.50 8.00 8.50 9.00 10.50 9.00 10.50 9.00 6.50 6.00 6.50 8.00 6.50 7.00 ];
reversals = [0 -1 1 0 0 -1 1 0 0 0 -1 1 -1 0 0 1 0 -1 1 0 ];
measures = [0 0 0 0 0 1 1 1 1 1 1 1 1 1 1 1 1 1 1 1 ];
presentations = [1 2 3 4 5 6 7 8 9 10 11 12 13 14 15 16 17 18 19 20 ];
answers = [0 4 1 1 2 4 2 2 2 1 4 1 4 5 3 2 1 4 2 0 ];
adjustments = [10 -6 3 1.5 0.5 -1.5 0.5 0.5 0.5 1.5 -1.5 1.5 -1.5 -2.5 -0.5 0.5 1.5 -1.5 0.5 2.5 ];
sentences = {'82009' '69009' '45923' '54841' '10681' '95162' '78835' '36514' '93692' '29744' '70287' '08168' '22336' '63558' '87470' '51417' '07970' '46393' '34226' '11755' };
offsets = [3559244 8189010 1350698 2047958 6957055 8271662 4087963 8453620 5109983 1862427 7996774 9492073 8450604 2972060 3702319 6929519 6447553 2774752 1366579 7465633 ];

