# config: "EMA:1.1.0-APPP,ID:listener08-l,SETUP:KK1,SOUNDDEVICE:USB,SOUNDSTREAM:0,SOUNDCHANNELS:1,2"
target=0.50;discardreversals=2;startvalue=0.00;steps=[4  2  1];
threshold = [6.50 ];
values = [0.00 6.00 4.00 3.00 8.00 7.50 8.00 9.50 9.00 8.50 7.00 5.50 4.00 6.50 5.00 4.50 4.00 4.50 6.00 5.50 ];
reversals = [0 -1 0 1 -1 1 0 -1 0 0 0 0 1 -1 0 0 1 0 -1 0 ];
measures = [0 0 0 0 1 1 1 1 1 1 1 1 1 1 1 1 1 1 1 1 ];
presentations = [1 2 3 4 5 6 7 8 9 10 11 12 13 14 15 16 17 18 19 20 ];
answers = [1 3 3 0 3 2 1 3 3 4 4 4 0 4 3 3 2 1 3 5 ];
adjustments = [6 -2 -1 5 -0.5 0.5 1.5 -0.5 -0.5 -1.5 -1.5 -1.5 2.5 -1.5 -0.5 -0.5 0.5 1.5 -0.5 -2.5 ];
sentences = {'51779' '94067' '26626' '05413' '39994' '68819' '41634' '03491' '80338' '16140' '55025' '72141' '99308' '74972' '30757' '18502' '43285' '67850' '87263' '22586' };
offsets = [6525849 1261968 8351715 4290380 3293222 2498663 4030734 209541 4086983 1853968 5539883 3942524 4683925 5227548 3304104 4669026 8695466 8338027 5140024 6398557 ];

