# config: "EMA:1.1.0-APPP,ID:listener08-l,SETUP:KK1,SOUNDDEVICE:USB,SOUNDSTREAM:0,SOUNDCHANNELS:1,2"
target=0.50;discardreversals=2;startvalue=0.00;steps=[4  2  1];
threshold = [2.25 ];
values = [0.00 10.00 0.00 5.00 6.50 4.00 3.50 3.00 2.50 0.00 -1.50 0.00 1.50 -1.00 -0.50 2.00 2.50 2.00 4.50 3.00 ];
reversals = [0 -1 1 0 -1 0 0 0 0 0 1 0 -1 1 0 0 -1 1 -1 1 ];
measures = [0 0 0 0 1 1 1 1 1 1 1 1 1 1 1 1 1 1 1 1 ];
presentations = [1 2 3 4 5 6 7 8 9 10 11 12 13 14 15 16 17 18 19 20 ];
answers = [0 5 0 1 5 3 3 3 5 4 1 1 5 2 0 2 3 0 4 0 ];
adjustments = [10 -10 5 1.5 -2.5 -0.5 -0.5 -0.5 -2.5 -1.5 1.5 1.5 -2.5 0.5 2.5 0.5 -0.5 2.5 -1.5 2.5 ];
sentences = {'77705' '50976' '69444' '82487' '24318' '90790' '03262' '59026' '85813' '21080' '77974' '33528' '44697' '48835' '66553' '15149' '98162' '31601' '06251' '12339' };
offsets = [4812501 3800155 1081387 242831 3043811 3116638 4606443 5976229 5941490 2387458 7423079 2227883 6777628 5411357 3819918 3313794 3522567 3036091 1346183 672295 ];

