# config: "EMA:1.1.0-APPP,ID:listener08-l,SETUP:KK1,SOUNDDEVICE:USB,SOUNDSTREAM:0,SOUNDCHANNELS:1,2"
target=0.50;discardreversals=2;startvalue=0.00;steps=[4  2  1];
threshold = [0.00 ];
values = [0.00 2.00 -4.00 1.00 1.50 0.00 0.50 -2.00 -3.50 -1.00 -2.50 -2.00 -0.50 1.00 -0.50 -3.00 -0.50 0.00 -1.50 -2.00 ];
reversals = [0 -1 1 0 -1 1 -1 0 1 -1 1 0 0 -1 0 1 0 -1 0 0 ];
measures = [0 0 0 0 1 1 1 1 1 1 1 1 1 1 1 1 1 1 1 1 ];
presentations = [1 2 3 4 5 6 7 8 9 10 11 12 13 14 15 16 17 18 19 20 ];
answers = [2 4 0 2 4 2 5 4 0 4 2 1 1 4 5 0 2 4 3 3 ];
adjustments = [2 -6 5 0.5 -1.5 0.5 -2.5 -1.5 2.5 -1.5 0.5 1.5 1.5 -1.5 -2.5 2.5 0.5 -1.5 -0.5 -0.5 ];
sentences = {'34226' '07970' '55025' '87263' '03491' '30757' '95162' '51417' '29744' '63558' '22586' '78835' '41634' '10681' '16140' '46393' '82009' '74972' '68819' '99308' };
offsets = [1436826 8646395 6370654 2313121 424692 6704417 9830930 4526132 9788008 6169190 7167769 4837746 6009664 8062619 1956711 7641798 1840745 2883872 5840105 9593775 ];

