# config: "EMA:1.1.0-APPP,ID:listener08-l,SETUP:KK1,SOUNDDEVICE:USB,SOUNDSTREAM:0,SOUNDCHANNELS:1,2"
target=0.50;discardreversals=2;startvalue=0.00;steps=[4  2  1];
threshold = [-34.75 ];
values = [0.00 -10.00 -20.00 -26.00 -36.00 -30.00 -35.00 -32.50 -33.00 -34.50 -37.00 -34.50 -35.00 -33.50 -35.00 -33.50 -31.00 -29.50 -31.00 -31.50 ];
reversals = [0 0 0 0 1 -1 1 -1 0 0 1 -1 1 -1 1 0 0 -1 0 0 ];
measures = [0 0 0 0 0 0 1 1 1 1 1 1 1 1 1 1 1 1 1 1 ];
presentations = [1 2 3 4 5 6 7 8 9 10 11 12 13 14 15 16 17 18 19 20 ];
answers = [5 5 4 5 1 5 0 3 4 5 0 3 1 4 1 0 1 4 3 3 ];
adjustments = [-10 -10 -6 -10 6 -5 2.5 -0.5 -1.5 -2.5 2.5 -0.5 1.5 -1.5 1.5 2.5 1.5 -1.5 -0.5 -0.5 ];
sentences = {'26626' '39994' '18502' '29394' '87713' '66127' '43285' '14040' '80338' '70565' '05413' '52988' '51779' '35209' '72141' '91451' '48832' '03676' '67850' '94067' };
offsets = [2179327 3183758 3207593 496983 5829547 1199604 6249287 1753342 1982758 3361402 4091436 6413406 2555308 5935669 1749614 1129938 3652688 1777905 2838936 4490446 ];

