# config: "EMA:1.1.0-APPP,ID:listener08-l,SETUP:KK1,SOUNDDEVICE:USB,SOUNDSTREAM:0,SOUNDCHANNELS:1,2"
target=0.50;discardreversals=2;startvalue=0.00;steps=[4  2  1];
threshold = [-6.00 ];
values = [0.00 -6.00 -8.00 -2.00 -3.00 -3.50 -3.00 -0.50 -1.00 -1.50 -4.00 -6.50 -6.00 -7.50 -6.00 -6.50 -7.00 -7.50 -6.00 -4.50 ];
reversals = [0 0 1 -1 0 1 0 -1 0 0 0 1 -1 1 -1 0 0 1 0 0 ];
measures = [0 0 0 0 0 1 1 1 1 1 1 1 1 1 1 1 1 1 1 1 ];
presentations = [1 2 3 4 5 6 7 8 9 10 11 12 13 14 15 16 17 18 19 20 ];
answers = [4 3 1 3 3 2 0 3 3 5 5 2 4 1 3 3 3 1 1 0 ];
adjustments = [-6 -2 6 -1 -0.5 0.5 2.5 -0.5 -0.5 -2.5 -2.5 0.5 -1.5 1.5 -0.5 -0.5 -0.5 1.5 1.5 2.5 ];
sentences = {'52277' '47048' '24621' '35209' '87713' '33980' '91451' '89135' '61793' '66127' '95569' '18314' '52988' '03676' '14040' '70565' '29394' '00456' '76802' '48832' };
offsets = [6901535 9071878 9499080 8516074 2061617 3676790 7106928 1151146 805597 6779301 8452271 3296570 4456347 4387654 9562915 1642047 9521575 6818825 1636537 6191304 ];

