# config: "EMA:1.1.0-APPP,ID:listener08-l,SETUP:KK1,SOUNDDEVICE:USB,SOUNDSTREAM:0,SOUNDCHANNELS:1,2"
target=0.50;discardreversals=2;startvalue=0.00;steps=[4  2  1];
threshold = [6.75 ];
values = [0.00 10.00 0.00 5.00 7.50 8.00 7.50 10.00 7.50 6.00 6.50 8.00 5.50 7.00 5.50 7.00 6.50 6.00 6.50 5.00 ];
reversals = [0 -1 1 0 0 -1 1 -1 0 1 0 -1 1 -1 1 -1 0 1 -1 1 ];
measures = [0 0 0 0 0 1 1 1 1 1 1 1 1 1 1 1 1 1 1 1 ];
presentations = [1 2 3 4 5 6 7 8 9 10 11 12 13 14 15 16 17 18 19 20 ];
answers = [0 5 0 0 2 3 0 5 4 2 1 5 1 4 1 3 3 2 4 0 ];
adjustments = [10 -10 5 2.5 0.5 -0.5 2.5 -2.5 -1.5 0.5 1.5 -2.5 1.5 -1.5 1.5 -0.5 -0.5 0.5 -1.5 2.5 ];
sentences = {'47048' '05413' '61793' '00456' '67850' '95569' '43285' '72141' '52277' '89135' '51779' '76802' '18314' '26626' '24621' '33980' '18502' '39994' '80338' '94067' };
offsets = [1282724 2246250 5106760 1972486 1406375 288824 3929710 1926592 5173226 197772 3111385 540184 7463598 5629995 6626251 7178597 8419675 7523106 4904298 8162676 ];

