# config: "EMA:1.1.0-APPP,ID:listener08-l,SETUP:KK1,SOUNDDEVICE:USB,SOUNDSTREAM:0,SOUNDCHANNELS:1,2"
target=0.50;discardreversals=2;startvalue=0.00;steps=[4  2  1];
threshold = [1.00 ];
values = [0.00 10.00 0.00 3.00 4.50 4.00 3.50 5.00 2.50 1.00 -0.50 -1.00 -0.50 1.00 0.50 0.00 0.50 1.00 0.50 0.00 ];
reversals = [0 -1 1 0 -1 0 1 -1 0 0 0 1 0 -1 0 1 0 -1 0 0 ];
measures = [0 0 0 0 1 1 1 1 1 1 1 1 1 1 1 1 1 1 1 1 ];
presentations = [1 2 3 4 5 6 7 8 9 10 11 12 13 14 15 16 17 18 19 20 ];
answers = [0 5 1 1 3 3 1 5 4 4 3 2 1 3 3 2 2 3 3 3 ];
adjustments = [10 -10 3 1.5 -0.5 -0.5 1.5 -2.5 -1.5 -1.5 -0.5 0.5 1.5 -0.5 -0.5 0.5 0.5 -0.5 -0.5 -0.5 ];
sentences = {'06251' '50976' '89135' '61793' '44697' '12339' '47048' '95569' '85813' '21080' '76802' '69444' '24621' '18314' '98162' '00456' '77705' '52277' '33980' '33528' };
offsets = [2927919 6775929 2057448 6994318 2469500 956741 1559071 157844 1283594 5780473 8064905 2052903 6033637 7051764 6411503 1524170 6146407 3257983 8388688 7963210 ];

