# config: "EMA:1.1.0-APPP,ID:listener08-l,SETUP:KK1,SOUNDDEVICE:USB,SOUNDSTREAM:0,SOUNDCHANNELS:1,2"
target=0.75;minreversals=14;discardreversals=4;minmeasures=25;startvalue=20.00;steps=[4  4  2  1];
threshold = [-1.00 ];
values = [20.00 16.00 12.00 8.00 8.00 8.00 4.00 4.00 0.00 12.00 8.00 8.00 6.00 6.00 6.00 4.00 2.00 8.00 7.00 6.00 6.00 6.00 5.00 4.00 3.00 3.00 2.00 1.00 0.00 -1.00 -1.00 -1.00 -1.00 2.00 1.00 1.00 1.00 0.00 0.00 -1.00 -1.00 -2.00 -2.00 -2.00 -3.00 -4.00 -4.00 -4.00 -1.00 -1.00 -1.00 -2.00 -3.00 -3.00 -4.00 -4.00 -4.00 -1.00 -1.00 -1.00 -1.00 -2.00 1.00 1.00 1.00 1.00 1.00 1.00 4.00 4.00 4.00 4.00 3.00 3.00 3.00 3.00 3.00 3.00 3.00 3.00 2.00 2.00 1.00 1.00 0.00 0.00 0.00 -1.00 2.00 1.00 1.00 0.00 0.00 0.00 3.00 ];
reversals = [0 0 0 0 0 0 0 0 1 -1 0 0 0 0 0 0 1 -1 0 0 0 0 0 0 0 0 0 0 0 0 0 0 1 -1 0 0 0 0 0 0 0 0 0 0 0 0 0 1 0 0 -1 0 0 0 0 0 1 0 0 0 -1 1 0 0 0 0 0 0 0 0 0 -1 0 0 0 0 0 0 0 0 0 0 0 0 0 0 0 1 -1 0 0 0 0 1 -1 ];
measures = [0 0 0 0 0 0 0 0 0 0 0 0 0 0 0 0 0 0 0 0 0 0 0 0 0 0 0 0 0 0 0 0 1 1 1 1 1 1 1 1 1 1 1 1 1 1 1 1 1 1 1 1 1 1 1 1 1 1 1 1 1 1 1 1 1 1 1 1 1 1 1 1 1 1 1 1 1 1 1 1 1 1 1 1 1 1 1 1 1 1 1 1 1 1 1 ];
presentations = [1 1 1 0 0 1 0 1 1 1 0 1 0 0 1 1 1 1 1 0 0 1 1 1 0 1 1 1 1 0 0 0 1 1 0 0 1 0 1 0 1 0 0 1 1 0 0 1 0 0 1 1 0 1 0 0 1 0 0 0 1 1 0 0 0 0 0 1 0 0 0 1 0 0 0 0 0 0 0 1 0 1 0 1 0 0 1 1 1 0 1 0 0 1 1 ];
answers = [1 1 1 0 0 1 0 1 0 1 0 1 0 0 1 1 0 1 1 0 0 1 1 1 0 1 1 1 1 0 0 0 0 1 0 0 1 0 1 0 1 0 0 1 1 0 0 0 0 0 1 1 0 1 0 0 0 0 0 0 1 0 0 0 0 0 0 0 0 0 0 1 0 0 0 0 0 0 0 1 0 1 0 1 0 0 1 0 1 0 1 0 0 0 1 ];
adjustments = [-4 -4 -4 0 0 -4 0 -4 12 -4 0 -2 0 0 -2 -2 6 -1 -1 0 0 -1 -1 -1 0 -1 -1 -1 -1 0 0 0 3 -1 0 0 -1 0 -1 0 -1 0 0 -1 -1 0 0 3 0 0 -1 -1 0 -1 0 0 3 0 0 0 -1 3 0 0 0 0 0 3 0 0 0 -1 0 0 0 0 0 0 0 -1 0 -1 0 -1 0 0 -1 3 -1 0 -1 0 0 3 -1 ];
offsets = [395880 463556 1071845 4968106 4638291 26643 3449443 2480423 5109477 457405 120550 2951703 2264697 2723849 105767 1194657 2788997 1504939 4422415 432926 4213088 1129909 2550541 2559469 896663 635580 3800048 2823412 2280072 2457292 2653880 861168 2780748 2834563 4060302 4439403 2193369 3718224 4358240 2919349 304200 3023916 713144 1085529 3752257 697687 4001435 261744 5011609 137746 3497942 4802523 3791124 3203772 1282168 3323056 5026075 2293419 1181992 3999343 1733379 657851 3757709 2251820 3953519 5243305 3111315 5104297 4084455 1132779 1241987 598262 3266405 2314702 4122017 4536412 2200731 835524 3247767 3353092 4579447 4246145 3719473 2459836 4896086 3155546 747289 3249306 571937 1308571 686919 3576949 3153415 3245942 2086079 ];

