# config: "EMA:1.1.0-APPP,ID:listener08-l,SETUP:KK1,SOUNDDEVICE:USB,SOUNDSTREAM:0,SOUNDCHANNELS:1,2"
target=0.75;minreversals=14;discardreversals=4;minmeasures=25;startvalue=20.00;steps=[4  4  2  1];
threshold = [2.50 ];
values = [20.00 16.00 12.00 8.00 8.00 4.00 4.00 4.00 4.00 4.00 4.00 4.00 4.00 4.00 0.00 0.00 12.00 12.00 8.00 6.00 4.00 4.00 2.00 0.00 -2.00 -2.00 -2.00 4.00 4.00 4.00 3.00 6.00 6.00 6.00 6.00 6.00 5.00 4.00 3.00 2.00 5.00 4.00 3.00 2.00 1.00 1.00 0.00 -1.00 2.00 2.00 1.00 4.00 3.00 3.00 2.00 1.00 1.00 0.00 0.00 0.00 0.00 3.00 3.00 3.00 6.00 6.00 6.00 6.00 6.00 6.00 6.00 5.00 5.00 4.00 4.00 4.00 4.00 4.00 3.00 3.00 3.00 ];
reversals = [0 0 0 0 0 0 0 0 0 0 0 0 0 0 0 1 0 -1 0 0 0 0 0 0 0 0 1 0 0 -1 1 0 0 0 0 -1 0 0 0 1 -1 0 0 0 0 0 0 1 0 -1 1 -1 0 0 0 0 0 0 0 0 1 0 0 0 0 0 0 0 0 0 -1 0 0 0 0 0 0 0 0 0 0 ];
measures = [0 0 0 0 0 0 0 0 0 0 0 0 0 0 0 0 0 0 0 0 0 0 0 0 0 0 0 0 0 0 1 1 1 1 1 1 1 1 1 1 1 1 1 1 1 1 1 1 1 1 1 1 1 1 1 1 1 1 1 1 1 1 1 1 1 1 1 1 1 1 1 1 1 1 1 1 1 1 1 1 1 ];
presentations = [1 1 1 0 1 0 0 0 0 0 0 0 0 1 0 1 0 1 1 1 0 1 1 1 0 0 1 0 0 1 1 0 0 0 0 1 1 1 1 1 1 1 1 1 0 1 1 1 0 1 1 1 0 1 1 0 1 0 0 0 1 0 0 1 0 0 0 0 0 0 1 0 1 0 0 0 0 1 0 0 1 ];
answers = [1 1 1 0 1 0 0 0 0 0 0 0 0 1 0 0 0 1 1 1 0 1 1 1 0 0 0 0 0 1 0 0 0 0 0 1 1 1 1 0 1 1 1 1 0 1 1 0 0 1 0 1 0 1 1 0 1 0 0 0 0 0 0 0 0 0 0 0 0 0 1 0 1 0 0 0 0 1 0 0 1 ];
adjustments = [-4 -4 -4 0 -4 0 0 0 0 0 0 0 0 -4 0 12 0 -4 -2 -2 0 -2 -2 -2 0 0 6 0 0 -1 3 0 0 0 0 -1 -1 -1 -1 3 -1 -1 -1 -1 0 -1 -1 3 0 -1 3 -1 0 -1 -1 0 -1 0 0 0 3 0 0 3 0 0 0 0 0 0 -1 0 -1 0 0 0 0 -1 0 0 -1 ];
offsets = [3021 314488 1002185 1568232 3620594 3893268 2695753 4600411 2360086 4634849 3293512 3037110 4075779 3768706 57441 934447 928477 5083288 510058 629380 4215332 1359808 4440234 2454474 3571018 2506224 3314978 4456656 1578609 3434699 4783323 66817 31791 866984 4118796 3007648 603328 989512 4880434 930267 2569643 4228564 453977 1984978 3411332 839936 554689 1655032 3655422 760035 3321915 2863239 1303160 1646626 5221704 669505 4289930 2163482 3073089 3071586 658570 4077336 5234848 3002370 1808536 3014710 3970514 533460 441104 3787345 5194421 2104540 1296691 4071800 3019206 1730171 110843 4676597 629730 2341617 855029 ];

