# config: "EMA:1.1.0-APPP,ID:listener08-l,SETUP:KK1,SOUNDDEVICE:USB,SOUNDSTREAM:0,SOUNDCHANNELS:1,2"
target=0.75;minreversals=14;discardreversals=4;minmeasures=25;startvalue=20.00;steps=[4  4  2  1];
threshold = [6.00 ];
values = [20.00 16.00 12.00 8.00 8.00 4.00 4.00 4.00 16.00 16.00 12.00 10.00 10.00 8.00 6.00 4.00 4.00 2.00 8.00 7.00 7.00 7.00 6.00 9.00 9.00 8.00 7.00 6.00 6.00 5.00 5.00 5.00 4.00 4.00 3.00 2.00 1.00 4.00 4.00 7.00 6.00 5.00 4.00 3.00 2.00 6.00 10.00 10.00 10.00 10.00 10.00 9.00 9.00 8.00 7.00 6.00 5.00 5.00 5.00 4.00 3.00 3.00 6.00 5.00 5.00 5.00 5.00 5.00 5.00 5.00 5.00 4.00 4.00 7.00 ];
reversals = [0 0 0 0 0 0 0 1 0 -1 0 0 0 0 0 0 0 1 -1 0 0 0 1 0 -1 0 0 0 0 0 0 0 0 0 0 0 1 0 0 -1 0 0 0 0 1 0 0 0 0 0 -1 0 0 0 0 0 0 0 0 0 0 1 -1 0 0 0 0 0 0 0 0 0 1 -1 ];
measures = [0 0 0 0 0 0 0 0 0 0 0 0 0 0 0 0 0 0 0 0 0 0 1 1 1 1 1 1 1 1 1 1 1 1 1 1 1 1 1 1 1 1 1 1 1 1 1 1 1 1 1 1 1 1 1 1 1 1 1 1 1 1 1 1 1 1 1 1 1 1 1 1 1 1 ];
presentations = [1 1 1 0 1 0 0 1 0 1 1 0 1 1 1 0 1 1 1 0 0 1 1 0 1 1 1 0 1 0 0 1 0 1 1 1 1 0 1 1 1 1 1 1 0 0 0 0 0 0 1 0 1 1 1 1 0 0 1 1 0 1 1 0 0 0 0 0 0 0 1 0 1 1 ];
answers = [1 1 1 0 1 0 0 0 0 1 1 0 1 1 1 0 1 0 1 0 0 1 0 0 1 1 1 0 1 0 0 1 0 1 1 1 0 0 0 1 1 1 1 1 1 1 0 0 0 0 1 0 1 1 1 1 0 0 1 1 0 0 1 0 0 0 0 0 0 0 1 0 0 1 ];
adjustments = [-4 -4 -4 0 -4 0 0 12 0 -4 -2 0 -2 -2 -2 0 -2 6 -1 0 0 -1 3 0 -1 -1 -1 0 -1 0 0 -1 0 -1 -1 -1 3 0 3 -1 -1 -1 -1 -1 4 4 0 0 0 0 -1 0 -1 -1 -1 -1 0 0 -1 -1 0 3 -1 0 0 0 0 0 0 0 -1 0 3 -1 ];
offsets = [4940587 1630161 1441926 3252837 1190485 68055 391686 1914085 2252594 2791380 2068611 2005028 4799540 3386850 3815643 1485394 1601891 2086104 1741741 4712255 2792040 4010794 2944277 3302983 587592 3331374 2555655 3533484 3774947 1779440 4079529 3814863 1060117 314650 1545100 3610741 513846 2900325 449242 2812296 1663023 3277899 1379672 1634790 140914 2705967 3234718 3308153 3490069 2349607 2852819 5050825 4699121 3778231 5065529 228121 377182 2017766 295067 3996056 1974806 860202 909371 2553319 1247143 4348832 2172952 4999411 3153657 459076 4251060 798312 4880268 3225179 ];

