# config: "EMA:1.1.0-APPP,ID:listener08-l,SETUP:KK1,SOUNDDEVICE:USB,SOUNDSTREAM:0,SOUNDCHANNELS:1,2"
target=0.75;minreversals=14;discardreversals=4;minmeasures=25;startvalue=20.00;steps=[4  4  2  1];
threshold = [3.50 ];
values = [20.00 16.00 12.00 8.00 8.00 4.00 4.00 16.00 16.00 12.00 10.00 10.00 10.00 10.00 8.00 8.00 8.00 8.00 8.00 8.00 8.00 8.00 6.00 12.00 11.00 10.00 10.00 9.00 8.00 7.00 7.00 6.00 5.00 4.00 4.00 3.00 3.00 6.00 6.00 6.00 6.00 5.00 5.00 4.00 3.00 2.00 5.00 4.00 4.00 3.00 3.00 2.00 2.00 2.00 5.00 5.00 8.00 7.00 6.00 6.00 5.00 4.00 4.00 3.00 2.00 5.00 5.00 4.00 4.00 3.00 3.00 2.00 1.00 1.00 4.00 4.00 3.00 3.00 3.00 ];
reversals = [0 0 0 0 0 0 1 0 -1 0 0 0 0 0 0 0 0 0 0 0 0 0 1 -1 0 0 0 0 0 0 0 0 0 0 0 0 1 0 0 0 -1 0 0 0 0 1 -1 0 0 0 0 0 0 1 0 0 -1 0 0 0 0 0 0 0 1 0 -1 0 0 0 0 0 0 1 0 -1 0 0 0 ];
measures = [0 0 0 0 0 0 0 0 0 0 0 0 0 0 0 0 0 0 0 0 0 0 0 0 0 0 0 0 0 0 0 0 0 0 0 0 1 1 1 1 1 1 1 1 1 1 1 1 1 1 1 1 1 1 1 1 1 1 1 1 1 1 1 1 1 1 1 1 1 1 1 1 1 1 1 1 1 1 1 ];
presentations = [1 1 1 0 1 0 1 0 1 1 0 0 0 1 0 0 0 0 0 0 0 1 1 1 1 0 1 1 1 0 1 1 1 0 1 0 1 0 0 0 1 0 1 1 1 1 1 0 1 0 1 0 0 1 0 1 1 1 0 1 1 0 1 1 1 0 1 0 1 0 1 1 0 1 0 1 0 0 1 ];
answers = [1 1 1 0 1 0 0 0 1 1 0 0 0 1 0 0 0 0 0 0 0 1 0 1 1 0 1 1 1 0 1 1 1 0 1 0 0 0 0 0 1 0 1 1 1 0 1 0 1 0 1 0 0 0 0 0 1 1 0 1 1 0 1 1 0 0 1 0 1 0 1 1 0 0 0 1 0 0 1 ];
adjustments = [-4 -4 -4 0 -4 0 12 0 -4 -2 0 0 0 -2 0 0 0 0 0 0 0 -2 6 -1 -1 0 -1 -1 -1 0 -1 -1 -1 0 -1 0 3 0 0 0 -1 0 -1 -1 -1 3 -1 0 -1 0 -1 0 0 3 0 3 -1 -1 0 -1 -1 0 -1 -1 3 0 -1 0 -1 0 -1 -1 0 3 0 -1 0 0 -1 ];
offsets = [733040 1577285 625489 2407466 1106607 734431 245031 3986051 1742772 4034458 1053654 4190399 268636 4151467 4337698 4833842 4856654 1380685 700766 348808 765746 3186796 124474 457156 1159477 1815106 415735 1183294 1192468 866994 3366297 2499349 4675534 1591977 4188367 129894 3914947 2778997 1500578 5007833 3518134 4176745 4405113 2197165 1342043 5193950 2126141 3960492 941683 3816628 3966381 5162105 3288355 3438430 4735051 3761588 4282968 1601131 1106126 3478640 4567997 3510148 2250170 495024 4575075 392572 408604 2788976 3180465 309287 3157814 2294184 4191916 738899 2646702 4944808 1127532 2474516 4577870 ];

