# config: "EMA:1.1.0-APPP,ID:listener08-l,SETUP:KK1,SOUNDDEVICE:USB,SOUNDSTREAM:0,SOUNDCHANNELS:1,2"
target=0.75;minreversals=14;discardreversals=4;minmeasures=25;startvalue=20.00;steps=[4  4  2  1];
threshold = [34.00 ];
values = [20.00 32.00 44.00 56.00 56.00 56.00 52.00 48.00 48.00 48.00 44.00 40.00 40.00 40.00 40.00 36.00 36.00 32.00 32.00 32.00 44.00 42.00 41.00 40.00 40.00 40.00 40.00 39.00 39.00 39.00 38.00 38.00 38.00 37.00 37.00 36.00 36.00 36.00 36.00 35.00 35.00 38.00 38.00 37.00 37.00 36.00 35.00 35.00 34.00 37.00 36.00 35.00 34.00 37.00 36.00 36.00 35.00 34.00 33.00 36.00 36.00 35.00 34.00 34.00 34.00 34.00 33.00 33.00 32.00 31.00 34.00 34.00 34.00 34.00 34.00 34.00 34.00 34.00 34.00 34.00 33.00 33.00 32.00 32.00 32.00 32.00 35.00 34.00 ];
reversals = [0 0 0 0 0 -1 0 0 0 0 0 0 0 0 0 0 0 0 0 1 -1 0 0 0 0 0 0 0 0 0 0 0 0 0 0 0 0 0 0 0 1 0 -1 0 0 0 0 0 1 -1 0 0 1 -1 0 0 0 0 1 0 -1 0 0 0 0 0 0 0 0 1 0 0 0 0 0 0 0 0 0 -1 0 0 0 0 0 1 -1 1 ];
measures = [0 0 0 0 0 0 0 0 0 0 0 0 0 0 0 0 0 0 0 0 0 0 0 0 0 0 0 0 0 0 0 0 0 0 0 0 0 0 0 0 0 0 1 1 1 1 1 1 1 1 1 1 1 1 1 1 1 1 1 1 1 1 1 1 1 1 1 1 1 1 1 1 1 1 1 1 1 1 1 1 1 1 1 1 1 1 1 1 ];
presentations = [1 1 1 0 0 1 1 0 0 1 1 0 0 0 1 0 1 0 0 1 1 1 1 0 0 0 1 0 0 1 0 0 1 0 1 0 0 0 1 0 1 0 1 0 1 1 0 1 1 1 1 1 1 1 0 1 1 1 1 0 1 1 0 0 0 1 0 1 1 1 0 0 0 0 0 0 0 0 0 1 0 1 0 0 0 1 1 1 ];
answers = [0 0 0 0 0 1 1 0 0 1 1 0 0 0 1 0 1 0 0 0 1 1 1 0 0 0 1 0 0 1 0 0 1 0 1 0 0 0 1 0 0 0 1 0 1 1 0 1 0 1 1 1 0 1 0 1 1 1 0 0 1 1 0 0 0 1 0 1 1 0 0 0 0 0 0 0 0 0 0 1 0 1 0 0 0 0 1 0 ];
adjustments = [12 12 12 0 0 -4 -4 0 0 -4 -4 0 0 0 -4 0 -4 0 0 12 -2 -1 -1 0 0 0 -1 0 0 -1 0 0 -1 0 -1 0 0 0 -1 0 3 0 -1 0 -1 -1 0 -1 3 -1 -1 -1 3 -1 0 -1 -1 -1 3 0 -1 -1 0 0 0 -1 0 -1 -1 3 0 0 0 0 0 0 0 0 0 -1 0 -1 0 0 0 3 -1 3 ];
offsets = [378700 3304623 4615406 762676 3296615 3500032 397792 1052239 3191257 4641343 3730764 756748 2662526 1104839 3150439 815621 4538293 1914677 4712862 2792822 3573727 800982 3228808 2095278 2219826 3328035 4667010 2034212 4822553 29385 4727586 5081640 884803 2969944 3535988 4267885 1894850 1024549 3323801 123594 4254255 3870672 2408081 1572167 2749881 2067196 4379032 4569008 4974552 1318677 3597497 2684738 3407103 4125712 2383513 1937156 4909673 4508610 1052695 2698401 839823 3162341 2896176 5228599 3317108 1937846 5127092 2369732 4009539 487236 1754800 346328 4726788 2171503 4497781 1181870 3647783 4488830 497578 3217020 645662 4860135 4780310 3375305 3808803 1588017 113169 521342 ];

