# config: "EMA:1.1.0-APPP,ID:listener11-r,SETUP:KK1,SOUNDDEVICE:USB,SOUNDSTREAM:0,SOUNDCHANNELS:1,2"
target=0.50;discardreversals=2;startvalue=0.00;steps=[4  2  1];
threshold = [-7.00 ];
values = [0.00 -2.00 -8.00 -10.00 0.00 -5.00 -5.50 -8.00 -5.50 -7.00 -6.50 -7.00 -7.50 -6.00 -7.50 -7.00 -8.50 -7.00 -6.50 -6.00 ];
reversals = [0 0 0 1 -1 0 0 1 -1 1 -1 0 1 -1 1 -1 1 0 0 0 ];
measures = [0 0 0 0 0 0 0 1 1 1 1 1 1 1 1 1 1 1 1 1 ];
presentations = [1 2 3 4 5 6 7 8 9 10 11 12 13 14 15 16 17 18 19 20 ];
answers = [3 4 3 0 5 3 5 0 4 2 3 3 1 4 2 4 1 2 2 1 ];
adjustments = [-2 -6 -2 10 -5 -0.5 -2.5 2.5 -1.5 0.5 -0.5 -0.5 1.5 -1.5 0.5 -1.5 1.5 0.5 0.5 1.5 ];
sentences = {'06251' '69444' '03676' '35209' '12339' '44697' '98162' '50976' '29394' '66127' '85813' '77705' '91451' '70565' '33528' '14040' '48832' '52988' '21080' '87713' };
offsets = [4431747 7862740 2559278 6884490 8079501 457295 9180658 2967975 5706966 1773833 5615857 2089921 5039836 6077734 1136638 705503 9377967 2646149 137882 9560296 ];

