# config: "EMA:1.1.0-APPP,ID:listener11-r,SETUP:KK1,SOUNDDEVICE:USB,SOUNDSTREAM:0,SOUNDCHANNELS:1,2"
target=0.50;discardreversals=2;startvalue=0.00;steps=[4  2  1];
threshold = [-10.50 ];
values = [0.00 -6.00 -12.00 -14.00 -4.00 -7.00 -9.50 -12.00 -11.50 -11.00 -10.50 -11.00 -12.50 -10.00 -9.50 -8.00 -9.50 -10.00 -10.50 -10.00 ];
reversals = [0 0 0 1 -1 0 0 1 0 0 -1 0 1 0 0 -1 0 0 1 0 ];
measures = [0 0 0 0 0 0 0 1 1 1 1 1 1 1 1 1 1 1 1 1 ];
presentations = [1 2 3 4 5 6 7 8 9 10 11 12 13 14 15 16 17 18 19 20 ];
answers = [4 4 3 0 4 5 5 2 2 2 3 4 0 2 1 4 3 3 2 2 ];
adjustments = [-6 -6 -2 10 -3 -2.5 -2.5 0.5 0.5 0.5 -0.5 -1.5 2.5 0.5 1.5 -1.5 -0.5 -0.5 0.5 0.5 ];
sentences = {'92629' '70762' '29744' '34226' '82009' '95162' '23081' '51417' '46393' '09216' '47173' '34994' '07970' '10681' '78835' '18348' '63558' '65555' '86800' '51437' };
offsets = [2797462 2628130 7142584 6379749 6023986 7413028 7347266 2951243 7193741 4314783 760641 7462254 7254271 325025 7046494 3842560 4640567 2226876 5953442 2716846 ];

