# config: "EMA:1.1.0-APPP,ID:listener11-r,SETUP:KK1,SOUNDDEVICE:USB,SOUNDSTREAM:0,SOUNDCHANNELS:1,2"
target=0.50;discardreversals=2;startvalue=0.00;steps=[4  2  1];
threshold = [13.50 ];
values = [0.00 10.00 20.00 10.00 15.00 14.50 14.00 14.50 12.00 12.50 12.00 11.50 10.00 12.50 13.00 13.50 14.00 11.50 12.00 13.50 ];
reversals = [0 0 -1 1 -1 0 1 -1 1 -1 0 0 1 0 0 0 -1 1 0 -1 ];
measures = [0 0 0 0 1 1 1 1 1 1 1 1 1 1 1 1 1 1 1 1 ];
presentations = [1 2 3 4 5 6 7 8 9 10 11 12 13 14 15 16 17 18 19 20 ];
answers = [0 0 5 0 3 3 2 5 2 3 3 4 0 2 2 2 5 2 1 4 ];
adjustments = [10 10 -10 5 -0.5 -0.5 0.5 -2.5 0.5 -0.5 -0.5 -1.5 2.5 0.5 0.5 0.5 -2.5 0.5 1.5 -1.5 ];
sentences = {'70287' '54841' '08168' '34226' '07970' '82009' '78835' '29744' '45923' '93692' '87470' '10681' '46393' '11755' '69009' '95162' '22336' '63558' '51417' '36514' };
offsets = [2814147 4340459 4630993 2242639 4531012 4811735 4471899 6058295 4824025 3813517 3186691 3363371 2951816 5366905 1881558 3737469 4214873 8466870 8446737 1705955 ];

