# config: "EMA:1.1.0-APPP,ID:listener11-r,SETUP:KK1,SOUNDDEVICE:USB,SOUNDSTREAM:0,SOUNDCHANNELS:1,2"
target=0.50;discardreversals=2;startvalue=0.00;steps=[4  2  1];
threshold = [13.25 ];
values = [0.00 10.00 20.00 10.00 15.00 12.50 15.00 14.50 14.00 12.50 11.00 13.50 14.00 11.50 14.00 14.50 16.00 15.50 14.00 12.50 ];
reversals = [0 0 -1 1 -1 1 -1 0 0 0 1 0 -1 1 0 0 -1 0 0 1 ];
measures = [0 0 0 0 1 1 1 1 1 1 1 1 1 1 1 1 1 1 1 1 ];
presentations = [1 2 3 4 5 6 7 8 9 10 11 12 13 14 15 16 17 18 19 20 ];
answers = [0 0 5 0 5 0 3 3 4 4 0 2 5 0 2 1 3 4 4 0 ];
adjustments = [10 10 -10 5 -2.5 2.5 -0.5 -0.5 -1.5 -1.5 2.5 0.5 -2.5 2.5 0.5 1.5 -0.5 -1.5 -1.5 2.5 ];
sentences = {'66553' '77974' '26626' '31601' '24318' '80338' '67850' '03262' '59026' '90790' '51779' '94067' '15149' '05413' '82487' '39994' '43285' '18502' '72141' '48835' };
offsets = [60806 7636036 5135264 7102636 3135111 840744 1281715 943608 884648 194727 6782710 7332229 4086420 509035 5337274 1162051 453239 4005392 5246234 6815456 ];

