# config: "EMA:1.1.0-APPP,ID:listener11-r,SETUP:KK1,SOUNDDEVICE:USB,SOUNDSTREAM:0,SOUNDCHANNELS:1,2"
target=0.50;discardreversals=2;startvalue=0.00;steps=[4  2  1];
threshold = [-10.00 ];
values = [0.00 -10.00 -16.00 -6.00 -11.00 -11.50 -11.00 -9.50 -11.00 -9.50 -9.00 -8.50 -10.00 -9.50 -10.00 -11.50 -13.00 -13.50 -13.00 -10.50 ];
reversals = [0 0 1 -1 0 1 0 -1 1 0 0 -1 1 -1 0 0 0 1 0 0 ];
measures = [0 0 0 0 0 1 1 1 1 1 1 1 1 1 1 1 1 1 1 1 ];
presentations = [1 2 3 4 5 6 7 8 9 10 11 12 13 14 15 16 17 18 19 20 ];
answers = [5 4 0 5 3 2 1 4 1 2 2 4 2 3 4 4 3 2 0 1 ];
adjustments = [-10 -6 10 -5 -0.5 0.5 1.5 -1.5 1.5 0.5 0.5 -1.5 0.5 -0.5 -1.5 -1.5 -0.5 0.5 2.5 1.5 ];
sentences = {'77705' '69444' '15149' '12339' '44697' '06251' '33528' '77974' '50976' '66553' '21080' '59026' '90790' '98162' '03262' '82487' '24318' '85813' '31601' '48835' };
offsets = [4001277 4248625 4787194 6140451 3786902 6054849 2750043 3773251 4468435 5060863 2953102 7428596 1145355 6029400 5862192 2557873 7011295 566296 3620328 3619600 ];

