# config: "EMA:1.1.0-APPP,ID:listener11-r,SETUP:KK1,SOUNDDEVICE:USB,SOUNDSTREAM:0,SOUNDCHANNELS:1,2"
target=0.50;discardreversals=2;startvalue=0.00;steps=[4  2  1];
threshold = [13.50 ];
values = [0.00 10.00 20.00 14.00 19.00 16.50 14.00 12.50 15.00 14.50 13.00 15.50 13.00 13.50 16.00 14.50 12.00 14.50 12.00 13.50 ];
reversals = [0 0 -1 1 -1 0 0 1 -1 0 1 -1 1 0 -1 0 1 -1 1 -1 ];
measures = [0 0 0 0 1 1 1 1 1 1 1 1 1 1 1 1 1 1 1 1 ];
presentations = [1 2 3 4 5 6 7 8 9 10 11 12 13 14 15 16 17 18 19 20 ];
answers = [0 0 4 0 5 5 4 0 3 4 0 5 2 0 4 5 0 5 1 3 ];
adjustments = [10 10 -6 5 -2.5 -2.5 -1.5 2.5 -0.5 -1.5 2.5 -2.5 0.5 2.5 -1.5 -2.5 2.5 -2.5 1.5 -0.5 ];
sentences = {'52988' '31601' '48835' '82487' '29394' '35209' '15149' '48832' '59026' '91451' '66127' '03676' '77974' '66553' '87713' '03262' '90790' '24318' '14040' '70565' };
offsets = [3775527 4667112 5198374 7859916 7883642 2072369 8138806 5314960 1851380 5897806 8642851 6195600 3348741 689857 2614274 795874 3790183 1872764 6463797 2581713 ];

