# config: "EMA:1.1.0-APPP,ID:listener11-r,SETUP:KK1,SOUNDDEVICE:USB,SOUNDSTREAM:0,SOUNDCHANNELS:1,2"
target=0.50;discardreversals=2;startvalue=0.00;steps=[4  2  1];
threshold = [0.50 ];
values = [0.00 2.00 -4.00 -1.00 0.50 0.00 -2.50 -1.00 1.50 1.00 0.50 2.00 0.50 -1.00 -1.50 -2.00 -0.50 1.00 0.50 -1.00 ];
reversals = [0 -1 1 0 -1 0 1 0 -1 0 1 -1 0 0 0 1 0 -1 0 0 ];
measures = [0 0 0 0 1 1 1 1 1 1 1 1 1 1 1 1 1 1 1 1 ];
presentations = [1 2 3 4 5 6 7 8 9 10 11 12 13 14 15 16 17 18 19 20 ];
answers = [2 4 1 1 3 5 1 0 3 3 1 4 4 3 3 1 1 3 4 3 ];
adjustments = [2 -6 3 1.5 -0.5 -2.5 1.5 2.5 -0.5 -0.5 1.5 -1.5 -1.5 -0.5 -0.5 1.5 1.5 -0.5 -1.5 -0.5 ];
sentences = {'51417' '82009' '80338' '18502' '10681' '26626' '39994' '72141' '05413' '78835' '43285' '67850' '29744' '07970' '63558' '95162' '94067' '34226' '46393' '51779' };
offsets = [2691980 7161703 5377334 988486 6860346 8540673 6615099 8543503 4464745 7639332 7231043 8702883 4543879 6942535 523574 9190203 4284381 6493803 855672 5053935 ];

