# config: "EMA:1.1.0-APPP,ID:listener11-r,SETUP:KK1,SOUNDDEVICE:USB,SOUNDSTREAM:0,SOUNDCHANNELS:1,2"
target=0.50;discardreversals=2;startvalue=0.00;steps=[4  2  1];
threshold = [-11.00 ];
values = [0.00 -10.00 0.00 -5.00 -5.50 -7.00 -8.50 -9.00 -10.50 -11.00 -10.50 -11.00 -8.50 -10.00 -9.50 -12.00 -11.50 -12.00 -11.50 -11.00 ];
reversals = [0 1 -1 0 0 0 0 0 0 1 -1 1 -1 1 -1 1 -1 1 0 0 ];
measures = [0 0 0 0 0 0 0 0 0 1 1 1 1 1 1 1 1 1 1 1 ];
presentations = [1 2 3 4 5 6 7 8 9 10 11 12 13 14 15 16 17 18 19 20 ];
answers = [5 0 5 3 4 4 3 4 3 2 3 0 4 2 5 2 3 2 2 2 ];
adjustments = [-10 10 -5 -0.5 -1.5 -1.5 -0.5 -1.5 -0.5 0.5 -0.5 2.5 -1.5 0.5 -2.5 0.5 -0.5 0.5 0.5 0.5 ];
sentences = {'05413' '26626' '99308' '41634' '39994' '67850' '68819' '51779' '74972' '30757' '43285' '87263' '72141' '94067' '03491' '22586' '55025' '16140' '18502' '80338' };
offsets = [6395005 7505935 3452804 1457526 4059441 5699814 6009517 138786 4336217 5129902 6752432 6723490 382306 5385826 1462441 5025273 2627048 3821395 1442615 1076689 ];

