# config: "EMA:1.1.0-APPP,ID:listener11-r,SETUP:KK1,SOUNDDEVICE:USB,SOUNDSTREAM:0,SOUNDCHANNELS:1,2"
target=0.50;discardreversals=2;startvalue=0.00;steps=[4  2  1];
threshold = [-4.00 ];
values = [0.00 -10.00 0.00 -5.00 -5.50 -6.00 -3.50 -4.00 -4.50 -5.00 -5.50 -7.00 -4.50 -4.00 -3.50 -4.00 -3.50 -4.00 -6.50 -6.00 ];
reversals = [0 1 -1 0 0 1 -1 0 0 0 0 1 0 0 -1 1 -1 0 1 0 ];
measures = [0 0 0 0 0 1 1 1 1 1 1 1 1 1 1 1 1 1 1 1 ];
presentations = [1 2 3 4 5 6 7 8 9 10 11 12 13 14 15 16 17 18 19 20 ];
answers = [5 0 5 3 3 0 3 3 3 3 4 0 2 2 3 2 3 5 2 2 ];
adjustments = [-10 10 -5 -0.5 -0.5 2.5 -0.5 -0.5 -0.5 -0.5 -1.5 2.5 0.5 0.5 -0.5 0.5 -0.5 -2.5 0.5 0.5 ];
sentences = {'78835' '45923' '22336' '36514' '70287' '11755' '87470' '82009' '46393' '34226' '10681' '54841' '63558' '93692' '29744' '95162' '51417' '69009' '08168' '07970' };
offsets = [6672662 9633422 7555008 1753681 6508353 7834055 7571143 6890622 5644229 2508424 8588516 3980851 8625558 3967637 1031351 5687281 2867998 3130767 4303875 6282407 ];

