# config: "EMA:1.1.0-APPP,ID:listener11-r,SETUP:KK1,SOUNDDEVICE:USB,SOUNDSTREAM:0,SOUNDCHANNELS:1,2"
target=0.50;discardreversals=2;startvalue=0.00;steps=[4  2  1];
threshold = [-0.50 ];
values = [0.00 2.00 0.00 3.00 3.50 3.00 1.50 1.00 -0.50 1.00 1.50 1.00 -0.50 -1.00 1.50 0.00 -2.50 -2.00 -2.50 0.00 ];
reversals = [0 -1 1 0 -1 0 0 0 1 0 -1 0 0 1 -1 0 1 -1 1 -1 ];
measures = [0 0 0 0 1 1 1 1 1 1 1 1 1 1 1 1 1 1 1 1 ];
presentations = [1 2 3 4 5 6 7 8 9 10 11 12 13 14 15 16 17 18 19 20 ];
answers = [2 3 1 2 3 4 3 4 1 2 3 4 3 0 4 5 2 3 0 3 ];
adjustments = [2 -2 3 0.5 -0.5 -1.5 -0.5 -1.5 1.5 0.5 -0.5 -1.5 -0.5 2.5 -1.5 -2.5 0.5 -0.5 2.5 -0.5 ];
sentences = {'80338' '26626' '43285' '90790' '15149' '77974' '51779' '66553' '05413' '31601' '24318' '39994' '67850' '82487' '59026' '03262' '18502' '48835' '94067' '72141' };
offsets = [7969571 6785653 7689423 7364377 1311605 6026018 5206383 4753065 6279876 8616856 3318983 1812726 3227912 2022626 4898648 4455417 428953 5193009 1289882 437236 ];

