# config: "EMA:1.1.0-APPP,ID:listener11-r,SETUP:KK1,SOUNDDEVICE:USB,SOUNDSTREAM:0,SOUNDCHANNELS:1,2"
target=0.50;discardreversals=2;startvalue=0.00;steps=[4  2  1];
threshold = [2.50 ];
values = [0.00 6.00 0.00 5.00 7.50 7.00 5.50 4.00 2.50 3.00 4.50 2.00 2.50 2.00 1.50 1.00 2.50 1.00 1.50 2.00 ];
reversals = [0 -1 1 0 -1 0 0 0 1 0 -1 1 -1 0 0 1 -1 1 0 -1 ];
measures = [0 0 0 0 1 1 1 1 1 1 1 1 1 1 1 1 1 1 1 1 ];
presentations = [1 2 3 4 5 6 7 8 9 10 11 12 13 14 15 16 17 18 19 20 ];
answers = [1 4 0 0 3 4 4 4 2 1 5 2 3 3 3 1 4 2 2 3 ];
adjustments = [6 -6 5 2.5 -0.5 -1.5 -1.5 -1.5 0.5 1.5 -2.5 0.5 -0.5 -0.5 -0.5 1.5 -1.5 0.5 0.5 -0.5 ];
sentences = {'26626' '87263' '94067' '43285' '99308' '68819' '51779' '39994' '05413' '55025' '72141' '03491' '80338' '41634' '67850' '18502' '22586' '16140' '74972' '30757' };
offsets = [2650391 5293864 6005404 792531 5406484 5982225 799300 3838695 5847639 8107524 2701412 6124744 3580722 1107983 1144250 4316928 8554771 4883224 199600 4984522 ];

