# config: "EMA:1.1.0-APPP,ID:listener11-r,SETUP:KK1,SOUNDDEVICE:USB,SOUNDSTREAM:0,SOUNDCHANNELS:1,2"
target=0.50;discardreversals=2;startvalue=0.00;steps=[4  2  1];
threshold = [-3.00 ];
values = [0.00 -6.00 0.00 -1.00 -1.50 -1.00 -1.50 -3.00 -0.50 -3.00 -0.50 -1.00 -2.50 -5.00 -6.50 -8.00 -5.50 -4.00 -4.50 -5.00 ];
reversals = [0 1 -1 0 1 -1 0 1 -1 1 -1 0 0 0 0 1 0 -1 0 1 ];
measures = [0 0 0 0 1 1 1 1 1 1 1 1 1 1 1 1 1 1 1 1 ];
presentations = [1 2 3 4 5 6 7 8 9 10 11 12 13 14 15 16 17 18 19 20 ];
answers = [4 1 3 3 2 3 4 0 5 0 3 4 5 4 4 0 1 3 3 0 ];
adjustments = [-6 6 -1 -0.5 0.5 -0.5 -1.5 2.5 -2.5 2.5 -0.5 -1.5 -2.5 -1.5 -1.5 2.5 1.5 -0.5 -0.5 2.5 ];
sentences = {'69444' '21080' '06251' '22336' '54841' '77705' '85813' '44697' '36514' '50976' '93692' '12339' '69009' '11755' '08168' '70287' '98162' '33528' '45923' '87470' };
offsets = [5272173 3961348 943132 3313854 7524080 5910063 6731716 2908233 1994966 3683242 5522153 8289823 2211908 7934591 1018951 8170437 6056454 1607996 1993151 4786397 ];

