# config: "EMA:1.1.0-APPP,ID:listener11-r,SETUP:KK1,SOUNDDEVICE:USB,SOUNDSTREAM:0,SOUNDCHANNELS:1,2"
target=0.50;discardreversals=2;startvalue=0.00;steps=[4  2  1];
threshold = [-0.50 ];
values = [0.00 -10.00 0.00 -1.00 -0.50 -2.00 -0.50 -1.00 -3.50 -1.00 -0.50 -2.00 0.50 -2.00 0.50 0.00 0.50 2.00 -0.50 0.00 ];
reversals = [0 1 -1 1 -1 1 -1 0 1 0 -1 1 -1 1 -1 1 0 -1 1 -1 ];
measures = [0 0 0 1 1 1 1 1 1 1 1 1 1 1 1 1 1 1 1 1 ];
presentations = [1 2 3 4 5 6 7 8 9 10 11 12 13 14 15 16 17 18 19 20 ];
answers = [5 0 3 2 4 1 3 5 0 2 4 0 5 0 3 2 1 5 2 4 ];
adjustments = [-10 10 -1 0.5 -1.5 1.5 -0.5 -2.5 2.5 0.5 -1.5 2.5 -2.5 2.5 -0.5 0.5 1.5 -2.5 0.5 -1.5 ];
sentences = {'18348' '09216' '23081' '66553' '92629' '47173' '34994' '03262' '86800' '59026' '90790' '65555' '70762' '31601' '48835' '77974' '51437' '24318' '82487' '15149' };
offsets = [5678667 3736212 413505 1893536 406521 4894111 5054467 6227457 4120811 349812 3458161 141608 3220511 5440815 5476363 1831919 1525839 1341316 1495806 2155474 ];

