# config: "EMA:1.1.0-APPP,ID:listener11-r,SETUP:KK1,SOUNDDEVICE:USB,SOUNDSTREAM:0,SOUNDCHANNELS:1,2"
target=0.50;discardreversals=2;startvalue=0.00;steps=[4  2  1];
threshold = [14.00 ];
values = [0.00 10.00 16.00 6.00 11.00 12.50 14.00 13.50 15.00 14.50 14.00 12.50 12.00 11.50 14.00 14.50 14.00 14.50 14.00 11.50 ];
reversals = [0 0 -1 1 0 0 -1 1 -1 0 0 0 0 1 0 -1 1 -1 0 1 ];
measures = [0 0 0 0 0 0 1 1 1 1 1 1 1 1 1 1 1 1 1 1 ];
presentations = [1 2 3 4 5 6 7 8 9 10 11 12 13 14 15 16 17 18 19 20 ];
answers = [0 1 5 0 1 1 3 1 3 3 4 3 3 0 2 3 2 3 5 2 ];
adjustments = [10 6 -10 5 1.5 1.5 -0.5 1.5 -0.5 -0.5 -1.5 -0.5 -0.5 2.5 0.5 -0.5 0.5 -0.5 -2.5 0.5 ];
sentences = {'92629' '63558' '07970' '34226' '29744' '34994' '09216' '78835' '47173' '86800' '95162' '10681' '23081' '82009' '65555' '51417' '46393' '51437' '18348' '70762' };
offsets = [4142486 1337919 2725726 5869588 2732928 4366594 2187167 4567782 1457414 3369197 1789297 1213712 5115872 557986 3731217 1310571 6190144 6383521 3145419 3326601 ];

