# config: "EMA:1.1.0-APPP,ID:listener11-r,SETUP:KK1,SOUNDDEVICE:USB,SOUNDSTREAM:0,SOUNDCHANNELS:1,2"
target=0.50;discardreversals=2;startvalue=0.00;steps=[4  2  1];
threshold = [13.00 ];
values = [0.00 10.00 20.00 14.00 15.00 12.50 13.00 10.50 13.00 12.50 13.00 12.50 14.00 11.50 12.00 13.50 13.00 15.50 14.00 11.50 ];
reversals = [0 0 -1 1 -1 1 -1 1 -1 1 -1 1 -1 1 0 -1 1 -1 0 0 ];
measures = [0 0 0 0 1 1 1 1 1 1 1 1 1 1 1 1 1 1 1 1 ];
presentations = [1 2 3 4 5 6 7 8 9 10 11 12 13 14 15 16 17 18 19 20 ];
answers = [0 0 4 2 5 2 5 0 3 2 3 1 5 2 1 3 0 4 5 4 ];
adjustments = [10 10 -6 1 -2.5 0.5 -2.5 2.5 -0.5 0.5 -0.5 1.5 -2.5 0.5 1.5 -0.5 2.5 -1.5 -2.5 -1.5 ];
sentences = {'63558' '78835' '51417' '10681' '00456' '52277' '95569' '89135' '29744' '95162' '24621' '47048' '07970' '33980' '34226' '61793' '76802' '46393' '82009' '18314' };
offsets = [5590414 6041999 2263923 5739235 7014519 8479398 8331658 2203762 9765510 6970307 634517 9578973 7737547 3314509 3599720 1292345 7016564 3482306 4136431 1447768 ];

