# config: "EMA:1.1.0-APPP,ID:listener11-r,SETUP:KK1,SOUNDDEVICE:USB,SOUNDSTREAM:0,SOUNDCHANNELS:1,2"
target=0.75;minreversals=14;discardreversals=4;minmeasures=25;startvalue=20.00;steps=[4  4  2  1];
threshold = [11.00 ];
values = [20.00 16.00 12.00 8.00 8.00 8.00 20.00 16.00 16.00 16.00 14.00 14.00 12.00 12.00 12.00 12.00 10.00 10.00 8.00 8.00 14.00 14.00 13.00 13.00 12.00 12.00 11.00 10.00 9.00 9.00 12.00 12.00 11.00 11.00 10.00 10.00 13.00 12.00 11.00 11.00 11.00 14.00 14.00 13.00 12.00 12.00 11.00 11.00 11.00 10.00 10.00 10.00 13.00 12.00 12.00 12.00 11.00 10.00 9.00 8.00 11.00 10.00 10.00 13.00 12.00 12.00 12.00 12.00 11.00 11.00 10.00 13.00 ];
reversals = [0 0 0 0 0 1 -1 0 0 0 0 0 0 0 0 0 0 0 0 1 0 -1 0 0 0 0 0 0 0 1 0 -1 0 0 0 1 -1 0 0 0 1 0 -1 0 0 0 0 0 0 0 0 1 -1 0 0 0 0 0 0 1 -1 0 1 -1 0 0 0 0 0 0 1 -1 ];
measures = [0 0 0 0 0 0 0 0 0 0 0 0 0 0 0 0 0 0 0 0 0 0 0 0 0 0 0 0 0 1 1 1 1 1 1 1 1 1 1 1 1 1 1 1 1 1 1 1 1 1 1 1 1 1 1 1 1 1 1 1 1 1 1 1 1 1 1 1 1 1 1 1 ];
presentations = [1 1 1 0 0 1 1 0 0 1 0 1 0 0 0 1 0 1 0 1 0 1 0 1 0 1 1 1 0 1 0 1 0 1 0 1 1 1 0 0 1 0 1 1 0 1 0 0 1 0 0 1 1 0 0 1 1 1 1 1 1 0 1 1 0 0 0 1 0 1 1 1 ];
answers = [1 1 1 0 0 0 1 0 0 1 0 1 0 0 0 1 0 1 0 0 0 1 0 1 0 1 1 1 0 0 0 1 0 1 0 0 1 1 0 0 0 0 1 1 0 1 0 0 1 0 0 0 1 0 0 1 1 1 1 0 1 0 0 1 0 0 0 1 0 1 0 1 ];
adjustments = [-4 -4 -4 0 0 12 -4 0 0 -2 0 -2 0 0 0 -2 0 -2 0 6 0 -1 0 -1 0 -1 -1 -1 0 3 0 -1 0 -1 0 3 -1 -1 0 0 3 0 -1 -1 0 -1 0 0 -1 0 0 3 -1 0 0 -1 -1 -1 -1 3 -1 0 3 -1 0 0 0 -1 0 -1 3 -1 ];
offsets = [4334738 3776340 4739948 1462801 4718295 1769987 5221989 1348359 1463914 582495 4800354 3221185 2063242 3663798 3954773 3810545 1905630 400264 5036633 145451 4972835 4361372 1310789 3284267 4876954 3788535 1401386 373815 2873319 967302 540863 1124722 2549517 3106982 332923 1203314 3359932 3050082 4961675 1779373 1574545 4935196 2357093 4013571 2925522 662985 3454634 4568335 2461057 5214872 4294177 3213085 3707380 594388 3049689 5148215 3276833 992768 1672788 1167214 1116563 4067778 1328706 3060068 2219894 5105367 1312232 1480976 4965869 3030711 4561035 1179209 ];

