# config: "EMA:1.1.0-APPP,ID:listener16-l,SETUP:KK1,SOUNDDEVICE:USB,SOUNDSTREAM:0,SOUNDCHANNELS:1,2"
target=0.50;discardreversals=2;startvalue=0.00;steps=[4  2  1];
threshold = [-30.50 ];
values = [0.00 -10.00 -20.00 -26.00 -32.00 -30.00 -25.00 -30.00 -28.50 -31.00 -33.50 -31.00 -30.50 -33.00 -31.50 -29.00 -30.50 -31.00 -30.50 -30.00 ];
reversals = [0 0 0 0 1 0 -1 1 -1 0 1 0 -1 1 0 -1 0 1 0 0 ];
measures = [0 0 0 0 0 0 0 1 1 1 1 1 1 1 1 1 1 1 1 1 ];
presentations = [1 2 3 4 5 6 7 8 9 10 11 12 13 14 15 16 17 18 19 20 ];
answers = [5 5 4 4 2 0 5 1 5 5 0 2 5 1 0 4 3 2 2 2 ];
adjustments = [-10 -10 -6 -6 2 5 -5 1.5 -2.5 -2.5 2.5 0.5 -2.5 1.5 2.5 -1.5 -0.5 0.5 0.5 0.5 ];
sentences = {'45923' '06251' '77705' '69444' '70287' '21080' '50976' '44697' '54841' '87470' '98162' '33528' '69009' '36514' '93692' '85813' '11755' '22336' '08168' '12339' };
offsets = [7125254 3245691 5401407 7193980 3372481 4345329 1677111 83910 7000521 1489107 2171539 6862857 1215143 3165934 2615457 6509061 4549043 5622148 5993834 3134429 ];

