# config: "EMA:1.1.0-APPP,ID:listener16-l,SETUP:KK1,SOUNDDEVICE:USB,SOUNDSTREAM:0,SOUNDCHANNELS:1,2"
target=0.50;discardreversals=2;startvalue=0.00;steps=[4  2  1];
threshold = [-12.00 ];
values = [0.00 -6.00 -8.00 -14.00 -12.00 -13.00 -14.50 -12.00 -12.50 -12.00 -13.50 -12.00 -12.50 -14.00 -13.50 -13.00 -11.50 -11.00 -9.50 -11.00 ];
reversals = [0 0 0 1 -1 0 1 -1 1 -1 1 -1 0 1 0 0 0 0 -1 1 ];
measures = [0 0 0 0 0 0 1 1 1 1 1 1 1 1 1 1 1 1 1 1 ];
presentations = [1 2 3 4 5 6 7 8 9 10 11 12 13 14 15 16 17 18 19 20 ];
answers = [4 3 4 2 3 4 0 3 2 4 1 3 4 2 2 1 2 1 4 1 ];
adjustments = [-6 -2 -6 2 -1 -1.5 2.5 -0.5 0.5 -1.5 1.5 -0.5 -1.5 0.5 0.5 1.5 0.5 1.5 -1.5 1.5 ];
sentences = {'67850' '51779' '99308' '43285' '87263' '26626' '41634' '74972' '30757' '55025' '03491' '16140' '94067' '18502' '05413' '22586' '72141' '39994' '68819' '80338' };
offsets = [4438677 8444092 1180773 6988382 5433974 4864305 2651521 296019 2206418 1335356 6930245 8337180 6769853 6161762 8335879 1879868 3530512 3985344 6881935 1017488 ];

