# config: "EMA:1.1.0-APPP,ID:listener16-l,SETUP:KK1,SOUNDDEVICE:USB,SOUNDSTREAM:0,SOUNDCHANNELS:1,2"
target=0.50;discardreversals=2;startvalue=0.00;steps=[4  2  1];
threshold = [-12.25 ];
values = [0.00 -10.00 -12.00 -22.00 -12.00 -13.00 -15.50 -15.00 -12.50 -14.00 -13.50 -11.00 -12.50 -12.00 -14.50 -13.00 -10.50 -11.00 -10.50 -8.00 ];
reversals = [0 0 0 1 -1 0 1 0 -1 1 0 -1 1 -1 1 0 -1 1 0 -1 ];
measures = [0 0 0 0 0 0 1 1 1 1 1 1 1 1 1 1 1 1 1 1 ];
presentations = [1 2 3 4 5 6 7 8 9 10 11 12 13 14 15 16 17 18 19 20 ];
answers = [5 3 5 0 3 5 2 0 4 2 0 4 2 5 1 0 3 2 0 4 ];
adjustments = [-10 -2 -10 10 -1 -2.5 0.5 2.5 -1.5 0.5 2.5 -1.5 0.5 -2.5 1.5 2.5 -0.5 0.5 2.5 -1.5 ];
sentences = {'08168' '87470' '24318' '11755' '59026' '70287' '03262' '36514' '31601' '66553' '45923' '54841' '48835' '69009' '15149' '77974' '93692' '82487' '90790' '22336' };
offsets = [4099540 9376410 3570356 4522996 6349126 8037338 1272231 5798041 4314484 662568 5696395 4385702 6456325 2690576 6281872 7612876 6184775 7270584 6403697 9820779 ];

