# config: "EMA:1.1.0-APPP,ID:listener16-l,SETUP:KK1,SOUNDDEVICE:USB,SOUNDSTREAM:0,SOUNDCHANNELS:1,2"
target=0.50;discardreversals=2;startvalue=0.00;steps=[4  2  1];
threshold = [-2.00 ];
values = [0.00 10.00 0.00 1.00 1.50 1.00 -1.50 -2.00 -3.50 -2.00 -1.50 -2.00 -1.50 -4.00 -1.50 -3.00 -3.50 -4.00 -2.50 -2.00 ];
reversals = [0 -1 1 0 -1 0 0 0 1 0 -1 1 -1 1 -1 0 0 1 0 -1 ];
measures = [0 0 0 0 1 1 1 1 1 1 1 1 1 1 1 1 1 1 1 1 ];
presentations = [1 2 3 4 5 6 7 8 9 10 11 12 13 14 15 16 17 18 19 20 ];
answers = [0 5 2 2 3 5 3 4 1 2 3 2 5 0 4 3 3 1 2 3 ];
adjustments = [10 -10 1 0.5 -0.5 -2.5 -0.5 -1.5 1.5 0.5 -0.5 0.5 -2.5 2.5 -1.5 -0.5 -0.5 1.5 0.5 -0.5 ];
sentences = {'21080' '30757' '99308' '77705' '68819' '50976' '74972' '44697' '06251' '85813' '41634' '69444' '16140' '12339' '87263' '03491' '22586' '33528' '55025' '98162' };
offsets = [4682066 7920148 5743507 1841553 238706 1812110 8648714 5682821 3960985 64944 370552 4422975 3278385 6352495 7081663 364096 3797762 5759699 972792 5342802 ];

