# config: "EMA:1.1.0-APPP,ID:listener16-l,SETUP:KK1,SOUNDDEVICE:USB,SOUNDSTREAM:0,SOUNDCHANNELS:1,2"
target=0.50;discardreversals=2;startvalue=0.00;steps=[4  2  1];
threshold = [-5.50 ];
values = [0.00 -6.00 -8.00 2.00 -3.00 -4.50 -4.00 -4.50 -7.00 -5.50 -8.00 -5.50 -4.00 -4.50 -7.00 -4.50 -7.00 -5.50 -7.00 -5.50 ];
reversals = [0 0 1 -1 0 1 -1 0 1 -1 1 0 -1 0 1 -1 1 -1 1 0 ];
measures = [0 0 0 0 0 1 1 1 1 1 1 1 1 1 1 1 1 1 1 1 ];
presentations = [1 2 3 4 5 6 7 8 9 10 11 12 13 14 15 16 17 18 19 20 ];
answers = [4 3 0 5 4 2 3 5 1 5 0 1 3 5 0 5 1 4 1 2 ];
adjustments = [-6 -2 10 -5 -1.5 0.5 -0.5 -2.5 1.5 -2.5 2.5 1.5 -0.5 -2.5 2.5 -2.5 1.5 -1.5 1.5 0.5 ];
sentences = {'34226' '47173' '07970' '18348' '29744' '63558' '51437' '23081' '70762' '92629' '09216' '65555' '34994' '10681' '86800' '46393' '51417' '95162' '82009' '78835' };
offsets = [7549831 2379133 2654685 6788163 3486913 8034788 6333929 68770 487914 7825345 5275604 6337972 7758094 1910078 9674429 4335398 969134 3259300 4134396 6335659 ];

