# config: "EMA:1.1.0-APPP,ID:listener16-l,SETUP:KK1,SOUNDDEVICE:USB,SOUNDSTREAM:0,SOUNDCHANNELS:1,2"
target=0.50;discardreversals=2;startvalue=0.00;steps=[4  2  1];
threshold = [-40.00 ];
values = [0.00 -2.00 -4.00 -10.00 -20.00 -30.00 -36.00 -46.00 -36.00 -39.00 -38.50 -40.00 -39.50 -39.00 -39.50 -42.00 -39.50 -41.00 -40.50 -41.00 ];
reversals = [0 0 0 0 0 0 0 1 -1 1 -1 1 0 -1 0 1 -1 1 -1 1 ];
measures = [0 0 0 0 0 0 0 0 0 1 1 1 1 1 1 1 1 1 1 1 ];
presentations = [1 2 3 4 5 6 7 8 9 10 11 12 13 14 15 16 17 18 19 20 ];
answers = [3 3 4 5 5 4 5 0 4 2 4 2 2 3 5 0 4 2 3 2 ];
adjustments = [-2 -2 -6 -10 -10 -6 -10 10 -3 0.5 -1.5 0.5 0.5 -0.5 -2.5 2.5 -1.5 0.5 -0.5 0.5 ];
sentences = {'16140' '30757' '61793' '55025' '89135' '74972' '03491' '18314' '33980' '00456' '22586' '76802' '68819' '87263' '24621' '47048' '99308' '52277' '95569' '41634' };
offsets = [4154707 3464267 529452 6182861 2733189 5736608 5975547 4864874 4831331 3941175 5669277 5051480 2060906 3148517 5718371 1711338 92348 3839956 3371416 3629931 ];

