# config: "EMA:1.1.0-APPP,ID:listener16-l,SETUP:KK1,SOUNDDEVICE:USB,SOUNDSTREAM:0,SOUNDCHANNELS:1,2"
target=0.50;discardreversals=2;startvalue=0.00;steps=[4  2  1];
threshold = [-31.75 ];
values = [0.00 -6.00 -16.00 -26.00 -32.00 -22.00 -25.00 -26.50 -28.00 -29.50 -32.00 -31.50 -33.00 -30.50 -33.00 -31.50 -29.00 -30.50 -32.00 -30.50 ];
reversals = [0 0 0 0 1 -1 0 0 0 0 1 -1 1 -1 1 0 -1 0 1 -1 ];
measures = [0 0 0 0 0 0 0 0 0 0 1 1 1 1 1 1 1 1 1 1 ];
presentations = [1 2 3 4 5 6 7 8 9 10 11 12 13 14 15 16 17 18 19 20 ];
answers = [4 5 5 4 0 4 4 4 4 5 2 4 0 5 1 0 4 4 1 5 ];
adjustments = [-6 -10 -10 -6 10 -3 -1.5 -1.5 -1.5 -2.5 0.5 -1.5 2.5 -2.5 1.5 2.5 -1.5 -1.5 1.5 -2.5 ];
sentences = {'89364' '51195' '03676' '76600' '15952' '91451' '70565' '66127' '44529' '02737' '14040' '35209' '37886' '87713' '90013' '23448' '52988' '29394' '48832' '68271' };
offsets = [2270037 4235253 4468291 282025 6513864 1660738 1675734 1728199 6888418 6062531 6440446 4343574 521777 169982 1511217 4869566 3210798 2545891 4125981 821741 ];

