# config: "EMA:1.1.0-APPP,ID:listener16-l,SETUP:KK1,SOUNDDEVICE:USB,SOUNDSTREAM:0,SOUNDCHANNELS:1,2"
target=0.50;discardreversals=2;startvalue=0.00;steps=[4  2  1];
threshold = [-16.25 ];
values = [0.00 -10.00 -16.00 -18.00 -16.00 -17.00 -16.50 -17.00 -17.50 -17.00 -15.50 -16.00 -17.50 -15.00 -15.50 -16.00 -14.50 -14.00 -15.50 -16.00 ];
reversals = [0 0 0 1 -1 1 -1 0 1 0 -1 0 1 -1 0 1 0 -1 0 0 ];
measures = [0 0 0 0 0 1 1 1 1 1 1 1 1 1 1 1 1 1 1 1 ];
presentations = [1 2 3 4 5 6 7 8 9 10 11 12 13 14 15 16 17 18 19 20 ];
answers = [5 4 3 2 3 2 3 3 2 1 3 4 0 3 3 1 2 4 3 4 ];
adjustments = [-10 -6 -2 2 -1 0.5 -0.5 -0.5 0.5 1.5 -0.5 -1.5 2.5 -0.5 -0.5 1.5 0.5 -1.5 -0.5 -1.5 ];
sentences = {'69009' '11755' '22336' '93692' '24318' '45923' '87470' '90790' '48835' '08168' '59026' '77974' '03262' '54841' '31601' '82487' '70287' '36514' '66553' '15149' };
offsets = [4274158 291799 3505360 6153995 7259788 6313781 572583 6876023 4819981 5448113 6757209 8481181 4757606 1552457 1598772 4349754 3647284 575067 1322850 4122584 ];

