# config: "EMA:1.1.0-APPP,ID:listener16-l,SETUP:KK1,SOUNDDEVICE:USB,SOUNDSTREAM:0,SOUNDCHANNELS:1,2"
target=0.50;discardreversals=2;startvalue=0.00;steps=[4  2  1];
threshold = [-5.50 ];
values = [0.00 -2.00 0.00 -5.00 -5.50 -3.00 -4.50 -7.00 -4.50 -6.00 -6.50 -5.00 -6.50 -5.00 -5.50 -5.00 -6.50 -8.00 -5.50 -7.00 ];
reversals = [0 1 -1 0 1 -1 0 1 -1 0 1 -1 1 -1 1 -1 0 1 -1 1 ];
measures = [0 0 0 0 1 1 1 1 1 1 1 1 1 1 1 1 1 1 1 1 ];
presentations = [1 2 3 4 5 6 7 8 9 10 11 12 13 14 15 16 17 18 19 20 ];
answers = [3 2 5 3 0 4 5 0 4 3 1 4 1 3 2 4 4 0 4 0 ];
adjustments = [-2 2 -5 -0.5 2.5 -1.5 -2.5 2.5 -1.5 -0.5 1.5 -1.5 1.5 -0.5 0.5 -1.5 -1.5 2.5 -1.5 2.5 ];
sentences = {'29394' '23448' '68271' '02737' '66127' '37886' '03676' '89364' '35209' '51195' '15952' '14040' '87713' '52988' '48832' '90013' '70565' '91451' '44529' '76600' };
offsets = [3916536 5359712 6572902 4901801 1232171 7951986 8457424 3331621 8463809 2768596 7616780 7423742 2662024 661154 6567056 7689519 2266950 6938753 852609 231553 ];

