# config: "EMA:1.1.0-APPP,ID:listener16-l,SETUP:KK1,SOUNDDEVICE:USB,SOUNDSTREAM:0,SOUNDCHANNELS:1,2"
target=0.50;discardreversals=2;startvalue=0.00;steps=[4  2  1];
threshold = [-5.25 ];
values = [0.00 -6.00 0.00 -5.00 -2.50 -4.00 -5.50 -4.00 -2.50 -3.00 -4.50 -7.00 -6.50 -8.00 -8.50 -6.00 -5.50 -5.00 -3.50 -5.00 ];
reversals = [0 1 -1 1 -1 0 1 0 -1 0 0 1 -1 0 1 0 0 0 -1 0 ];
measures = [0 0 0 1 1 1 1 1 1 1 1 1 1 1 1 1 1 1 1 1 ];
presentations = [1 2 3 4 5 6 7 8 9 10 11 12 13 14 15 16 17 18 19 20 ];
answers = [4 1 5 0 4 4 1 1 3 4 5 2 4 3 0 2 2 1 4 3 ];
adjustments = [-6 6 -5 2.5 -1.5 -1.5 1.5 1.5 -0.5 -1.5 -2.5 0.5 -1.5 -0.5 2.5 0.5 0.5 1.5 -1.5 -0.5 ];
sentences = {'07970' '02737' '95162' '78835' '82009' '90013' '89364' '15952' '29744' '63558' '68271' '46393' '34226' '76600' '44529' '10681' '51417' '51195' '23448' '37886' };
offsets = [5898032 2676241 4473647 609648 2066610 6310437 3922258 7457594 1892481 6621953 7483167 7799709 5812149 392119 3663044 1324084 8522429 5910309 4179882 2935459 ];

