# config: "EMA:1.1.0-APPP,ID:listener16-l,SETUP:KK1,SOUNDDEVICE:USB,SOUNDSTREAM:0,SOUNDCHANNELS:1,2"
target=0.50;discardreversals=2;startvalue=0.00;steps=[4  2  1];
threshold = [-5.50 ];
values = [0.00 -2.00 -8.00 -2.00 -5.00 -6.50 -6.00 -5.50 -4.00 -2.50 -4.00 -5.50 -6.00 -8.50 -9.00 -6.50 -4.00 -3.50 -4.00 -5.50 ];
reversals = [0 0 1 -1 0 1 0 0 0 -1 0 0 0 0 1 0 0 -1 0 1 ];
measures = [0 0 0 0 0 1 1 1 1 1 1 1 1 1 1 1 1 1 1 1 ];
presentations = [1 2 3 4 5 6 7 8 9 10 11 12 13 14 15 16 17 18 19 20 ];
answers = [3 4 1 4 4 2 2 1 1 4 4 3 5 3 0 0 2 3 4 1 ];
adjustments = [-2 -6 6 -3 -1.5 0.5 0.5 1.5 1.5 -1.5 -1.5 -0.5 -2.5 -0.5 2.5 2.5 0.5 -0.5 -1.5 1.5 ];
sentences = {'44529' '98162' '23448' '37886' '68271' '85813' '02737' '90013' '89364' '06251' '50976' '21080' '44697' '69444' '77705' '76600' '51195' '12339' '33528' '15952' };
offsets = [6020688 1456079 5061847 2325568 8182780 765730 1261525 418850 5885484 7525671 2772225 2042988 3723650 587739 5421668 6430175 1598973 8111906 7260661 294979 ];

