# config: "EMA:1.1.0-APPP,ID:listener16-l,SETUP:KK1,SOUNDDEVICE:USB,SOUNDSTREAM:0,SOUNDCHANNELS:1,2"
target=0.50;discardreversals=2;startvalue=0.00;steps=[4  2  1];
threshold = [-11.75 ];
values = [0.00 -10.00 -16.00 -6.00 -11.00 -11.50 -12.00 -9.50 -11.00 -10.50 -10.00 -10.50 -12.00 -11.50 -14.00 -13.50 -14.00 -12.50 -12.00 -10.50 ];
reversals = [0 0 1 -1 0 0 1 -1 1 0 -1 0 1 -1 1 -1 1 0 0 -1 ];
measures = [0 0 0 0 0 0 1 1 1 1 1 1 1 1 1 1 1 1 1 1 ];
presentations = [1 2 3 4 5 6 7 8 9 10 11 12 13 14 15 16 17 18 19 20 ];
answers = [5 4 0 5 3 3 0 4 2 2 3 4 2 5 2 3 1 2 1 3 ];
adjustments = [-10 -6 10 -5 -0.5 -0.5 2.5 -1.5 0.5 0.5 -0.5 -1.5 0.5 -2.5 0.5 -0.5 1.5 0.5 1.5 -0.5 ];
sentences = {'82487' '48835' '54841' '87470' '93692' '66553' '36514' '45923' '77974' '24318' '31601' '15149' '11755' '59026' '69009' '70287' '08168' '03262' '22336' '90790' };
offsets = [4387041 4049118 1648066 6928465 6766351 7238628 6807523 5141333 7817715 7823024 1806529 4475496 3056862 7445349 1848724 8199136 6901929 3944044 7654626 4084005 ];

