# config: "EMA:1.1.0-APPP,ID:listener16-l,SETUP:KK1,SOUNDDEVICE:USB,SOUNDSTREAM:0,SOUNDCHANNELS:1,2"
target=0.50;discardreversals=2;startvalue=0.00;steps=[4  2  1];
threshold = [-12.50 ];
values = [0.00 -10.00 -12.00 -14.00 -16.00 -10.00 -9.00 -8.00 -13.00 -12.50 -12.00 -13.50 -12.00 -12.50 -11.00 -10.50 -8.00 -9.50 -11.00 -12.50 ];
reversals = [0 0 0 0 1 0 0 -1 1 0 -1 1 -1 1 0 0 -1 0 0 1 ];
measures = [0 0 0 0 0 0 0 0 1 1 1 1 1 1 1 1 1 1 1 1 ];
presentations = [1 2 3 4 5 6 7 8 9 10 11 12 13 14 15 16 17 18 19 20 ];
answers = [5 3 3 3 1 2 2 5 2 2 4 1 3 1 2 0 4 4 4 1 ];
adjustments = [-10 -2 -2 -2 6 1 1 -5 0.5 0.5 -1.5 1.5 -0.5 1.5 0.5 2.5 -1.5 -1.5 -1.5 1.5 ];
sentences = {'16140' '22586' '87263' '54841' '45923' '99308' '36514' '70287' '74972' '69009' '30757' '11755' '87470' '03491' '08168' '93692' '55025' '41634' '68819' '22336' };
offsets = [5816422 8501043 190210 5645391 6477693 3756162 2567955 58013 677224 7745648 5976201 3678945 3245005 4373644 4030545 5094631 2234480 720824 5202939 4215512 ];

