# config: "EMA:1.1.0-APPP,ID:listener16-l,SETUP:KK1,SOUNDDEVICE:USB,SOUNDSTREAM:0,SOUNDCHANNELS:1,2"
target=0.50;discardreversals=2;startvalue=0.00;steps=[4  2  1];
threshold = [-5.75 ];
values = [0.00 -2.00 -12.00 -2.00 -7.00 -6.50 -6.00 -7.50 -5.00 -7.50 -6.00 -6.50 -8.00 -5.50 -4.00 -4.50 -4.00 -5.50 -5.00 -4.50 ];
reversals = [0 0 1 -1 1 0 -1 1 -1 1 -1 0 1 0 -1 1 -1 1 0 -1 ];
measures = [0 0 0 0 1 1 1 1 1 1 1 1 1 1 1 1 1 1 1 1 ];
presentations = [1 2 3 4 5 6 7 8 9 10 11 12 13 14 15 16 17 18 19 20 ];
answers = [3 5 0 5 2 2 4 0 5 1 3 4 0 1 3 2 4 2 2 3 ];
adjustments = [-2 -10 10 -5 0.5 0.5 -1.5 2.5 -2.5 1.5 -0.5 -1.5 2.5 1.5 -0.5 0.5 -1.5 0.5 0.5 -0.5 ];
sentences = {'45923' '08168' '87263' '70287' '11755' '03491' '41634' '36514' '68819' '30757' '16140' '74972' '22336' '55025' '87470' '93692' '54841' '99308' '69009' '22586' };
offsets = [1381268 8404208 4795226 1962681 4220938 3515795 846349 7788601 879929 1243097 926719 6586010 7299891 9840303 6025273 1968648 4582090 4192969 596551 5849659 ];

