# config: "EMA:1.1.0-APPP,ID:listener16-l,SETUP:KK1,SOUNDDEVICE:USB,SOUNDSTREAM:0,SOUNDCHANNELS:1,2"
target=0.50;discardreversals=2;startvalue=0.00;steps=[4  2  1];
threshold = [-37.25 ];
values = [0.00 -10.00 -20.00 -30.00 -40.00 -38.00 -39.00 -39.50 -39.00 -37.50 -37.00 -36.50 -35.00 -35.50 -38.00 -36.50 -39.00 -37.50 -35.00 -34.50 ];
reversals = [0 0 0 0 1 -1 0 1 0 0 0 0 -1 0 1 -1 1 0 0 -1 ];
measures = [0 0 0 0 0 0 0 1 1 1 1 1 1 1 1 1 1 1 1 1 ];
presentations = [1 2 3 4 5 6 7 8 9 10 11 12 13 14 15 16 17 18 19 20 ];
answers = [5 5 5 5 2 3 3 2 1 2 2 1 3 5 1 5 1 0 2 5 ];
adjustments = [-10 -10 -10 -10 2 -1 -0.5 0.5 1.5 0.5 0.5 1.5 -0.5 -2.5 1.5 -2.5 1.5 2.5 0.5 -2.5 ];
sentences = {'76802' '93692' '11755' '47048' '70287' '89135' '22336' '61793' '52277' '08168' '00456' '18314' '33980' '87470' '54841' '24621' '45923' '36514' '69009' '95569' };
offsets = [4597049 3420971 6524781 743087 2403769 6386477 1723273 2012448 7332394 1479219 5420223 2966603 4695695 4018286 451515 469885 1710779 2167663 2134863 106605 ];

