# config: "EMA:1.1.0-APPP,ID:listener16-l,SETUP:KK1,SOUNDDEVICE:USB,SOUNDSTREAM:0,SOUNDCHANNELS:1,2"
target=0.75;minreversals=14;discardreversals=4;minmeasures=25;startvalue=20.00;steps=[4  4  2  1];
threshold = [12.00 ];
values = [20.00 16.00 12.00 8.00 8.00 20.00 20.00 16.00 16.00 14.00 14.00 12.00 12.00 12.00 12.00 10.00 10.00 16.00 15.00 14.00 14.00 13.00 12.00 12.00 15.00 15.00 14.00 14.00 13.00 13.00 13.00 12.00 12.00 15.00 14.00 14.00 13.00 12.00 12.00 12.00 11.00 10.00 9.00 8.00 8.00 8.00 8.00 8.00 8.00 8.00 8.00 8.00 8.00 8.00 8.00 11.00 11.00 10.00 10.00 9.00 9.00 9.00 9.00 12.00 11.00 10.00 9.00 9.00 9.00 12.00 12.00 11.00 11.00 10.00 9.00 9.00 9.00 9.00 12.00 12.00 12.00 12.00 ];
reversals = [0 0 0 0 1 0 -1 0 0 0 0 0 0 0 0 0 1 -1 0 0 0 0 0 1 0 -1 0 0 0 0 0 0 1 -1 0 0 0 0 0 0 0 0 0 0 0 0 0 0 0 0 0 0 0 0 1 0 -1 0 0 0 0 0 1 -1 0 0 0 0 1 0 -1 0 0 0 0 0 0 1 0 0 0 -1 ];
measures = [0 0 0 0 0 0 0 0 0 0 0 0 0 0 0 0 0 0 0 0 0 0 0 1 1 1 1 1 1 1 1 1 1 1 1 1 1 1 1 1 1 1 1 1 1 1 1 1 1 1 1 1 1 1 1 1 1 1 1 1 1 1 1 1 1 1 1 1 1 1 1 1 1 1 1 1 1 1 1 1 1 1 ];
presentations = [1 1 1 0 1 0 1 0 1 0 1 0 0 0 1 0 1 1 1 0 1 1 0 1 0 1 0 1 0 0 1 0 1 1 0 1 1 0 0 1 1 1 1 0 0 0 0 0 0 0 0 0 0 0 1 0 1 0 1 0 0 0 1 1 1 1 0 0 1 0 1 0 1 1 0 0 0 1 0 0 0 1 ];
answers = [1 1 1 0 0 0 1 0 1 0 1 0 0 0 1 0 0 1 1 0 1 1 0 0 0 1 0 1 0 0 1 0 0 1 0 1 1 0 0 1 1 1 1 0 0 0 0 0 0 0 0 0 0 0 0 0 1 0 1 0 0 0 0 1 1 1 0 0 0 0 1 0 1 1 0 0 0 0 0 0 0 1 ];
adjustments = [-4 -4 -4 0 12 0 -4 0 -2 0 -2 0 0 0 -2 0 6 -1 -1 0 -1 -1 0 3 0 -1 0 -1 0 0 -1 0 3 -1 0 -1 -1 0 0 -1 -1 -1 -1 0 0 0 0 0 0 0 0 0 0 0 3 0 -1 0 -1 0 0 0 3 -1 -1 -1 0 0 3 0 -1 0 -1 -1 0 0 0 3 0 0 0 -1 ];
offsets = [3916709 2567192 4126862 5184834 5011820 3715465 4468978 1514629 3068986 4185483 2621235 1781791 4398348 2208603 3360884 2175422 5088464 303685 3928961 3570985 474747 4798762 4713569 406135 2149585 4885937 4686482 3915543 2040310 3484535 3816449 3699594 112953 1196492 3948579 336527 4831198 4299780 1758346 1084911 1860829 1909288 1198206 4285776 2264365 574762 152063 3862894 96599 1316068 1339085 820196 2547985 5082474 550078 3830055 5002922 5009337 2354701 4346052 623932 4185025 1584904 4440961 3690262 3821480 214423 3863258 4322150 1350028 3472257 1760007 1065264 3332210 352076 3860655 4709185 4214738 4447545 3931598 3288459 4731026 ];

