# config: "EMA:1.1.0-APPP,ID:listener16-l,SETUP:KK1,SOUNDDEVICE:USB,SOUNDSTREAM:0,SOUNDCHANNELS:1,2"
target=0.75;minreversals=14;discardreversals=4;minmeasures=25;startvalue=20.00;steps=[4  4  2  1];
threshold = [-1.50 ];
values = [20.00 16.00 12.00 8.00 8.00 8.00 8.00 4.00 4.00 4.00 4.00 4.00 0.00 0.00 12.00 8.00 8.00 8.00 8.00 6.00 6.00 6.00 4.00 4.00 2.00 0.00 -2.00 -4.00 -6.00 -6.00 -6.00 0.00 0.00 0.00 -1.00 -1.00 -2.00 -2.00 1.00 0.00 -1.00 -1.00 -2.00 -3.00 -4.00 -4.00 -1.00 -1.00 -2.00 -2.00 -3.00 -4.00 -1.00 -2.00 -3.00 -4.00 -5.00 -5.00 -5.00 -5.00 -5.00 -5.00 -5.00 -5.00 -5.00 -5.00 -2.00 -2.00 -2.00 -2.00 -2.00 -3.00 -3.00 -3.00 -3.00 0.00 -1.00 -2.00 -2.00 -2.00 -3.00 -3.00 0.00 -1.00 -1.00 -1.00 -1.00 2.00 2.00 ];
reversals = [0 0 0 0 0 0 0 0 0 0 0 0 0 1 -1 0 0 0 0 0 0 0 0 0 0 0 0 0 0 0 1 0 0 -1 0 0 0 1 -1 0 0 0 0 0 0 1 0 -1 0 0 0 1 -1 0 0 0 0 0 0 0 0 0 0 0 0 1 0 0 0 0 -1 0 0 0 1 -1 0 0 0 0 0 1 -1 0 0 0 1 0 -1 ];
measures = [0 0 0 0 0 0 0 0 0 0 0 0 0 0 0 0 0 0 0 0 0 0 0 0 0 0 0 0 0 0 0 0 0 0 0 0 0 1 1 1 1 1 1 1 1 1 1 1 1 1 1 1 1 1 1 1 1 1 1 1 1 1 1 1 1 1 1 1 1 1 1 1 1 1 1 1 1 1 1 1 1 1 1 1 1 1 1 1 1 ];
presentations = [1 1 1 0 0 0 1 0 0 0 0 1 0 1 1 0 0 0 1 0 0 1 0 1 1 1 1 1 0 0 1 0 0 1 0 1 0 1 1 1 0 1 1 1 0 1 0 1 0 1 1 1 1 1 1 1 0 0 0 0 0 0 0 0 0 1 0 0 0 0 1 0 0 0 1 1 1 0 0 1 0 1 1 0 0 0 1 0 1 ];
answers = [1 1 1 0 0 0 1 0 0 0 0 1 0 0 1 0 0 0 1 0 0 1 0 1 1 1 1 1 0 0 0 0 0 1 0 1 0 0 1 1 0 1 1 1 0 0 0 1 0 1 1 0 1 1 1 1 0 0 0 0 0 0 0 0 0 0 0 0 0 0 1 0 0 0 0 1 1 0 0 1 0 0 1 0 0 0 0 0 1 ];
adjustments = [-4 -4 -4 0 0 0 -4 0 0 0 0 -4 0 12 -4 0 0 0 -2 0 0 -2 0 -2 -2 -2 -2 -2 0 0 6 0 0 -1 0 -1 0 3 -1 -1 0 -1 -1 -1 0 3 0 -1 0 -1 -1 3 -1 -1 -1 -1 0 0 0 0 0 0 0 0 0 3 0 0 0 0 -1 0 0 0 3 -1 -1 0 0 -1 0 3 -1 0 0 0 3 0 -1 ];
offsets = [3138042 381760 4473134 4804053 3203335 4516001 5018332 1930085 1780734 673693 334766 2096310 4868761 270060 444460 3650607 4695616 4531704 3391640 460219 5240288 3990904 1327640 3557429 1318011 1908755 2767405 2614818 4653146 5189429 2381529 1765700 849700 513942 312683 681443 2419960 4394717 2471935 367217 3120606 2869272 3278476 2478432 849736 4781706 3362655 3351530 1414613 4830045 1568651 4919397 3497261 1105 1206215 2862158 3952314 568883 4633585 3055946 5084171 3425669 2641606 1409026 1793198 4801774 2186773 4575552 5205199 4570874 4733887 1943778 3733490 3536297 2410676 1794883 326311 5053663 5164729 187440 3533549 4498034 3556630 2923546 3097393 2285788 1972935 2933486 1660990 ];

