# config: "EMA:1.1.0-APPP,ID:listener16-l,SETUP:KK1,SOUNDDEVICE:USB,SOUNDSTREAM:0,SOUNDCHANNELS:1,2"
target=0.75;minreversals=14;discardreversals=4;minmeasures=25;startvalue=20.00;steps=[4  4  2  1];
threshold = [2.00 ];
values = [20.00 16.00 12.00 8.00 8.00 4.00 0.00 12.00 12.00 8.00 6.00 6.00 4.00 2.00 2.00 2.00 2.00 8.00 8.00 7.00 7.00 7.00 6.00 6.00 6.00 6.00 6.00 6.00 5.00 4.00 4.00 4.00 3.00 3.00 2.00 2.00 2.00 5.00 5.00 4.00 3.00 3.00 3.00 3.00 3.00 2.00 5.00 4.00 3.00 2.00 2.00 2.00 1.00 1.00 4.00 3.00 2.00 2.00 5.00 5.00 4.00 3.00 3.00 2.00 1.00 4.00 3.00 2.00 1.00 1.00 4.00 4.00 4.00 4.00 3.00 2.00 2.00 ];
reversals = [0 0 0 0 0 0 1 0 -1 0 0 0 0 0 0 0 1 0 -1 0 0 0 0 0 0 0 0 0 0 0 0 0 0 0 0 0 1 0 -1 0 0 0 0 0 0 1 -1 0 0 0 0 0 0 1 -1 0 0 1 0 -1 0 0 0 0 1 -1 0 0 0 1 0 0 0 -1 0 0 1 ];
measures = [0 0 0 0 0 0 0 0 0 0 0 0 0 0 0 0 0 0 0 0 0 0 0 0 0 0 0 0 0 0 0 0 0 0 0 0 1 1 1 1 1 1 1 1 1 1 1 1 1 1 1 1 1 1 1 1 1 1 1 1 1 1 1 1 1 1 1 1 1 1 1 1 1 1 1 1 1 ];
presentations = [1 1 1 0 1 1 1 0 1 1 0 1 1 0 0 0 1 0 1 0 0 1 0 0 0 0 0 1 1 0 0 1 0 1 0 0 1 0 1 1 0 0 0 0 1 1 1 1 1 0 0 1 0 1 1 1 0 1 0 1 1 0 1 1 1 1 1 1 0 1 0 0 0 1 1 0 1 ];
answers = [1 1 1 0 1 1 0 0 1 1 0 1 1 0 0 0 0 0 1 0 0 1 0 0 0 0 0 1 1 0 0 1 0 1 0 0 0 0 1 1 0 0 0 0 1 0 1 1 1 0 0 1 0 0 1 1 0 0 0 1 1 0 1 1 0 1 1 1 0 0 0 0 0 1 1 0 0 ];
adjustments = [-4 -4 -4 0 -4 -4 12 0 -4 -2 0 -2 -2 0 0 0 6 0 -1 0 0 -1 0 0 0 0 0 -1 -1 0 0 -1 0 -1 0 0 3 0 -1 -1 0 0 0 0 -1 3 -1 -1 -1 0 0 -1 0 3 -1 -1 0 3 0 -1 -1 0 -1 -1 3 -1 -1 -1 0 3 0 0 0 -1 -1 0 3 ];
offsets = [1425987 3416730 2928482 3506934 3601935 3850658 4134910 1924452 4448430 3607574 4716234 2049005 955463 1820188 4765563 1564676 2074657 552487 1773522 3968333 4394328 883846 1581795 2571915 4840747 5013310 4967515 3210914 1296486 4179412 1491720 1588000 4027994 2766890 609259 4569687 308494 4419671 4374141 5144515 827293 4389377 1682264 541908 3072914 5083465 1249138 3170307 3554849 1316876 437608 2484305 90616 3134193 4819995 4910900 2504754 3011853 2355208 5051192 3757386 426184 2604616 5003872 1198161 2917012 2382984 470336 392717 1326361 2772887 3844623 2476952 1301018 4161033 5052651 964853 ];

