# config: "EMA:1.1.0-APPP,ID:listener16-l,SETUP:KK1,SOUNDDEVICE:USB,SOUNDSTREAM:0,SOUNDCHANNELS:1,2"
target=0.75;minreversals=14;discardreversals=4;minmeasures=25;startvalue=20.00;steps=[4  4  2  1];
threshold = [-1.00 ];
values = [20.00 16.00 12.00 8.00 4.00 4.00 4.00 4.00 4.00 0.00 12.00 8.00 6.00 4.00 4.00 4.00 2.00 2.00 0.00 0.00 0.00 -2.00 -2.00 4.00 4.00 3.00 2.00 2.00 1.00 1.00 1.00 0.00 -1.00 -1.00 -2.00 1.00 0.00 -1.00 -1.00 -1.00 -1.00 2.00 1.00 1.00 0.00 0.00 -1.00 -1.00 2.00 1.00 1.00 0.00 -1.00 -2.00 -2.00 -2.00 1.00 0.00 0.00 0.00 -1.00 -1.00 2.00 2.00 1.00 0.00 0.00 -1.00 -1.00 2.00 1.00 1.00 1.00 1.00 0.00 -1.00 -2.00 ];
reversals = [0 0 0 0 0 0 0 0 0 1 -1 0 0 0 0 0 0 0 0 0 0 0 1 0 -1 0 0 0 0 0 0 0 0 0 1 -1 0 0 0 0 1 -1 0 0 0 0 0 1 -1 0 0 0 0 0 0 1 -1 0 0 0 0 1 0 -1 0 0 0 0 1 -1 0 0 0 0 0 0 1 ];
measures = [0 0 0 0 0 0 0 0 0 0 0 0 0 0 0 0 0 0 0 0 0 0 0 0 0 0 0 0 0 0 0 0 0 0 1 1 1 1 1 1 1 1 1 1 1 1 1 1 1 1 1 1 1 1 1 1 1 1 1 1 1 1 1 1 1 1 1 1 1 1 1 1 1 1 1 1 1 ];
presentations = [1 1 1 1 0 0 0 0 1 1 1 1 1 0 0 1 0 1 0 0 1 0 1 0 1 1 0 1 0 0 1 1 0 1 1 1 1 0 0 0 1 1 0 1 0 1 0 1 1 0 1 1 1 0 0 1 1 0 0 1 0 1 0 1 1 0 1 0 1 1 0 0 0 1 1 1 1 ];
answers = [1 1 1 1 0 0 0 0 1 0 1 1 1 0 0 1 0 1 0 0 1 0 0 0 1 1 0 1 0 0 1 1 0 1 0 1 1 0 0 0 0 1 0 1 0 1 0 0 1 0 1 1 1 0 0 0 1 0 0 1 0 0 0 1 1 0 1 0 0 1 0 0 0 1 1 1 0 ];
adjustments = [-4 -4 -4 -4 0 0 0 0 -4 12 -4 -2 -2 0 0 -2 0 -2 0 0 -2 0 6 0 -1 -1 0 -1 0 0 -1 -1 0 -1 3 -1 -1 0 0 0 3 -1 0 -1 0 -1 0 3 -1 0 -1 -1 -1 0 0 3 -1 0 0 -1 0 3 0 -1 -1 0 -1 0 3 -1 0 0 0 -1 -1 -1 3 ];
offsets = [2550497 3029369 4618047 725086 2802570 3358263 234827 3396275 778659 353079 3326929 2273797 4830051 3387798 5090142 4427349 995245 2549722 2528934 319061 3692113 5052725 3267256 60132 4019230 2383252 1487299 4213008 1134802 5001678 3871434 4596935 4449546 121863 819397 2991969 935805 3599465 2804323 398927 4044047 369072 1693016 4916523 2742504 4705592 3162341 2477001 2597239 5213479 4046868 2963342 2699446 4696992 5068453 2689350 2128032 4527639 3388032 271291 4195363 208127 41114 1158390 4195942 1512447 3380815 960184 1855016 745710 5025141 179782 3214169 911513 3642844 4825550 4919426 ];

