# config: "EMA:1.1.0-APPP,ID:listener16-l,SETUP:KK1,SOUNDDEVICE:USB,SOUNDSTREAM:0,SOUNDCHANNELS:1,2"
target=0.75;minreversals=14;discardreversals=4;minmeasures=25;startvalue=20.00;steps=[4  4  2  1];
threshold = [0.00 ];
values = [20.00 16.00 12.00 8.00 4.00 16.00 12.00 10.00 8.00 8.00 8.00 8.00 6.00 6.00 6.00 6.00 4.00 2.00 0.00 6.00 5.00 4.00 3.00 2.00 2.00 2.00 1.00 1.00 0.00 0.00 3.00 3.00 2.00 2.00 2.00 1.00 1.00 0.00 -1.00 -1.00 -1.00 -1.00 -2.00 -3.00 -3.00 0.00 0.00 -1.00 -2.00 -3.00 0.00 0.00 0.00 -1.00 -1.00 -2.00 -2.00 -2.00 1.00 1.00 1.00 1.00 0.00 -1.00 -1.00 -1.00 -1.00 -2.00 -3.00 -4.00 -5.00 -5.00 -5.00 -2.00 1.00 0.00 ];
reversals = [0 0 0 0 1 -1 0 0 0 0 0 0 0 0 0 0 0 0 1 -1 0 0 0 0 0 0 0 0 0 1 0 -1 0 0 0 0 0 0 0 0 0 0 0 0 1 0 -1 0 0 1 0 0 -1 0 0 0 0 1 0 0 0 -1 0 0 0 0 0 0 0 0 0 0 1 0 -1 0 ];
measures = [0 0 0 0 0 0 0 0 0 0 0 0 0 0 0 0 0 0 0 0 0 0 0 0 0 0 0 0 0 1 1 1 1 1 1 1 1 1 1 1 1 1 1 1 1 1 1 1 1 1 1 1 1 1 1 1 1 1 1 1 1 1 1 1 1 1 1 1 1 1 1 1 1 1 1 1 ];
presentations = [1 1 1 1 1 1 1 1 0 0 0 1 0 0 0 1 1 1 1 1 1 1 1 0 0 1 0 1 0 1 0 1 0 0 1 0 1 1 0 0 0 1 1 0 1 0 1 1 1 1 0 0 1 0 1 0 0 1 0 0 0 1 1 0 0 0 1 1 1 1 0 0 1 1 1 1 ];
answers = [1 1 1 1 0 1 1 1 0 0 0 1 0 0 0 1 1 1 0 1 1 1 1 0 0 1 0 1 0 0 0 1 0 0 1 0 1 1 0 0 0 1 1 0 0 0 1 1 1 0 0 0 1 0 1 0 0 0 0 0 0 1 1 0 0 0 1 1 1 1 0 0 0 0 1 1 ];
adjustments = [-4 -4 -4 -4 12 -4 -2 -2 0 0 0 -2 0 0 0 -2 -2 -2 6 -1 -1 -1 -1 0 0 -1 0 -1 0 3 0 -1 0 0 -1 0 -1 -1 0 0 0 -1 -1 0 3 0 -1 -1 -1 3 0 0 -1 0 -1 0 0 3 0 0 0 -1 -1 0 0 0 -1 -1 -1 -1 0 0 3 3 -1 -1 ];
offsets = [3325759 5193793 5080458 3384760 1747066 1492691 2670359 3154279 2708704 1595366 390631 12437 921100 1502070 3340976 2136748 1496807 3027116 1868411 3890534 3407099 2394543 2631041 181595 3519341 80903 4864928 4266370 3877626 3758723 3403939 565418 3437025 1455189 649711 4952118 2043248 1763600 1286629 597789 1290120 1590559 1254034 3489363 5143611 2826582 261591 1886077 1970667 2329073 1238417 3917688 1660 509780 3419404 1245650 2088660 5152295 764385 3890619 939849 4289127 2848794 1556083 972557 4963972 4308204 4865883 733871 501412 2146345 3115542 5181673 4306529 2540390 2716845 ];

