# config: "EMA:1.1.0-APPP,ID:listener14-r,SETUP:KK1,SOUNDDEVICE:USB,SOUNDSTREAM:0,SOUNDCHANNELS:1,2"
target=0.50;discardreversals=2;startvalue=0.00;steps=[4  2  1];
threshold = [-11.50 ];
values = [0.00 -6.00 -8.00 -6.00 -9.00 -11.50 -14.00 -12.50 -11.00 -11.50 -12.00 -10.50 -13.00 -13.50 -11.00 -12.50 -13.00 -13.50 -11.00 -12.50 ];
reversals = [0 0 1 -1 0 0 1 0 -1 0 1 -1 0 1 -1 0 0 1 -1 0 ];
measures = [0 0 0 0 0 0 1 1 1 1 1 1 1 1 1 1 1 1 1 1 ];
presentations = [1 2 3 4 5 6 7 8 9 10 11 12 13 14 15 16 17 18 19 20 ];
answers = [4 3 2 4 5 5 1 1 3 3 1 5 3 0 4 3 3 0 4 4 ];
adjustments = [-6 -2 2 -3 -2.5 -2.5 1.5 1.5 -0.5 -0.5 1.5 -2.5 -0.5 2.5 -1.5 -0.5 -0.5 2.5 -1.5 -1.5 ];
sentences = {'48835' '43285' '31601' '90790' '72141' '15149' '24318' '18502' '94067' '03262' '67850' '82487' '51779' '39994' '05413' '59026' '77974' '26626' '66553' '80338' };
offsets = [2291693 9693431 1748828 2760344 2696603 8165971 8451545 3200515 5313180 7421030 2019606 3814675 4943595 920565 4063839 5249659 3905915 6149028 2642083 5870093 ];

