# config: "EMA:1.1.0-APPP,ID:listener14-r,SETUP:KK1,SOUNDDEVICE:USB,SOUNDSTREAM:0,SOUNDCHANNELS:1,2"
target=0.50;discardreversals=2;startvalue=0.00;steps=[4  2  1];
threshold = [-2.50 ];
values = [0.00 6.00 0.00 -1.00 0.00 -2.50 -1.00 -1.50 -3.00 -2.50 -3.00 -2.50 -4.00 -6.50 -6.00 -4.50 -4.00 -5.50 -6.00 -6.50 ];
reversals = [0 -1 0 1 -1 1 -1 0 1 -1 1 -1 0 1 0 0 -1 0 0 0 ];
measures = [0 0 0 0 1 1 1 1 1 1 1 1 1 1 1 1 1 1 1 1 ];
presentations = [1 2 3 4 5 6 7 8 9 10 11 12 13 14 15 16 17 18 19 20 ];
answers = [1 4 3 2 5 1 3 4 2 3 2 4 5 2 1 2 4 3 3 4 ];
adjustments = [6 -6 -1 1 -2.5 1.5 -0.5 -1.5 0.5 -0.5 0.5 -1.5 -2.5 0.5 1.5 0.5 -1.5 -0.5 -0.5 -1.5 ];
sentences = {'89364' '45923' '36514' '51195' '68271' '15952' '76600' '90013' '54841' '93692' '37886' '70287' '87470' '11755' '22336' '44529' '23448' '08168' '02737' '69009' };
offsets = [4929249 2277856 5636848 3963826 6263931 448161 6296845 454073 7747226 6793897 3481915 4212651 2139993 6782048 5957733 6820628 5104983 6482777 8263110 5860526 ];

