# config: "EMA:1.1.0-APPP,ID:listener14-r,SETUP:KK1,SOUNDDEVICE:USB,SOUNDSTREAM:0,SOUNDCHANNELS:1,2"
target=0.50;discardreversals=2;startvalue=0.00;steps=[4  2  1];
threshold = [-29.00 ];
values = [0.00 -10.00 -20.00 -26.00 -32.00 -22.00 -27.00 -24.50 -25.00 -27.50 -28.00 -27.50 -30.00 -29.50 -29.00 -30.50 -30.00 -30.50 -31.00 -29.50 ];
reversals = [0 0 0 0 1 -1 1 -1 0 0 1 -1 1 0 -1 1 -1 0 1 0 ];
measures = [0 0 0 0 0 0 1 1 1 1 1 1 1 1 1 1 1 1 1 1 ];
presentations = [1 2 3 4 5 6 7 8 9 10 11 12 13 14 15 16 17 18 19 20 ];
answers = [5 5 4 4 0 5 0 3 5 3 2 5 2 2 4 2 3 3 1 1 ];
adjustments = [-10 -10 -6 -6 10 -5 2.5 -0.5 -2.5 -0.5 0.5 -2.5 0.5 0.5 -1.5 0.5 -0.5 -0.5 1.5 1.5 ];
sentences = {'00456' '33980' '95569' '47048' '06251' '24621' '98162' '76802' '12339' '61793' '21080' '52277' '33528' '18314' '50976' '85813' '69444' '77705' '44697' '89135' };
offsets = [4967832 3812902 4626655 5745353 2603610 3107789 2871205 5051291 5450842 1979279 698626 3626202 2643099 3794024 6832672 1330040 7146740 1046634 256762 5113786 ];

