# config: "EMA:1.1.0-APPP,ID:listener14-r,SETUP:KK1,SOUNDDEVICE:USB,SOUNDSTREAM:0,SOUNDCHANNELS:1,2"
target=0.50;discardreversals=2;startvalue=0.00;steps=[4  2  1];
threshold = [-12.00 ];
values = [0.00 2.00 -8.00 -9.00 -10.00 -11.00 -12.00 -11.00 -12.50 -12.00 -12.50 -13.00 -11.50 -10.00 -9.50 -10.00 -11.50 -13.00 -11.50 -13.00 ];
reversals = [0 -1 0 0 0 0 1 -1 1 -1 0 1 0 0 -1 0 0 1 -1 0 ];
measures = [0 0 0 0 0 0 0 1 1 1 1 1 1 1 1 1 1 1 1 1 ];
presentations = [1 2 3 4 5 6 7 8 9 10 11 12 13 14 15 16 17 18 19 20 ];
answers = [2 5 3 3 3 3 2 4 2 3 3 1 1 2 3 4 4 1 4 3 ];
adjustments = [2 -10 -1 -1 -1 -1 1 -1.5 0.5 -0.5 -0.5 1.5 1.5 0.5 -0.5 -1.5 -1.5 1.5 -1.5 -0.5 ];
sentences = {'18314' '76600' '89364' '37886' '95569' '51195' '15952' '47048' '68271' '90013' '44529' '02737' '24621' '33980' '61793' '23448' '89135' '76802' '52277' '00456' };
offsets = [6070753 1863892 304749 2581834 1261816 5947916 7021661 1637825 3758461 5200019 4625494 2232327 7106733 5229874 3401509 6056681 3049095 625093 4267430 7188592 ];

