# config: "EMA:1.1.0-APPP,ID:listener14-r,SETUP:KK1,SOUNDDEVICE:USB,SOUNDSTREAM:0,SOUNDCHANNELS:1,2"
target=0.50;discardreversals=2;startvalue=0.00;steps=[4  2  1];
threshold = [0.00 ];
values = [0.00 10.00 0.00 1.00 1.50 -1.00 -0.50 2.00 0.50 1.00 -0.50 -1.00 -0.50 -1.00 -2.50 -1.00 1.50 1.00 -0.50 -2.00 ];
reversals = [0 -1 1 0 -1 1 0 -1 1 -1 0 1 -1 0 1 0 -1 0 0 1 ];
measures = [0 0 0 0 1 1 1 1 1 1 1 1 1 1 1 1 1 1 1 1 ];
presentations = [1 2 3 4 5 6 7 8 9 10 11 12 13 14 15 16 17 18 19 20 ];
answers = [0 5 2 2 5 2 0 4 2 4 3 2 3 4 1 0 3 4 4 2 ];
adjustments = [10 -10 1 0.5 -2.5 0.5 2.5 -1.5 0.5 -1.5 -0.5 0.5 -0.5 -1.5 1.5 2.5 -0.5 -1.5 -1.5 0.5 ];
sentences = {'30757' '99308' '41634' '22586' '55025' '47173' '34994' '74972' '65555' '51437' '18348' '03491' '16140' '68819' '92629' '09216' '23081' '87263' '70762' '86800' };
offsets = [4401046 4277520 4564764 1540785 2350599 2463140 7430964 3505266 915072 5967021 181458 7471780 4366848 4451788 2809873 904984 4062202 3179870 5337153 8700896 ];

