# config: "EMA:1.1.0-APPP,ID:listener14-r,SETUP:KK1,SOUNDDEVICE:USB,SOUNDSTREAM:0,SOUNDCHANNELS:1,2"
target=0.50;discardreversals=2;startvalue=0.00;steps=[4  2  1];
threshold = [-4.25 ];
values = [0.00 -2.00 -4.00 -6.00 0.00 -1.00 -1.50 -3.00 -5.50 -3.00 -4.50 -3.00 -2.50 -1.00 0.50 0.00 -0.50 -3.00 -4.50 -4.00 ];
reversals = [0 0 0 1 -1 0 0 0 1 -1 1 0 0 0 -1 0 0 0 1 -1 ];
measures = [0 0 0 0 0 0 0 0 1 1 1 1 1 1 1 1 1 1 1 1 ];
presentations = [1 2 3 4 5 6 7 8 9 10 11 12 13 14 15 16 17 18 19 20 ];
answers = [3 3 3 1 3 3 4 5 0 4 1 2 1 1 3 3 5 4 2 3 ];
adjustments = [-2 -2 -2 6 -1 -0.5 -1.5 -2.5 2.5 -1.5 1.5 0.5 1.5 1.5 -0.5 -0.5 -2.5 -1.5 0.5 -0.5 ];
sentences = {'82009' '98162' '85813' '78835' '33528' '69444' '51417' '63558' '12339' '44697' '50976' '34226' '46393' '06251' '10681' '29744' '95162' '21080' '77705' '07970' };
offsets = [10286 5756970 1514920 2934766 7234274 5141922 5510651 2715959 6095153 9371201 8996340 5663350 2614974 7913303 2822544 2057791 412713 8499688 5647810 7092014 ];

