# config: "EMA:1.1.0-APPP,ID:listener14-r,SETUP:KK1,SOUNDDEVICE:USB,SOUNDSTREAM:0,SOUNDCHANNELS:1,2"
target=0.50;discardreversals=2;startvalue=0.00;steps=[4  2  1];
threshold = [-0.50 ];
values = [0.00 10.00 0.00 -3.00 0.00 -1.50 -4.00 -1.50 -3.00 -1.50 -3.00 -1.50 1.00 -0.50 1.00 0.50 0.00 -0.50 0.00 1.50 ];
reversals = [0 -1 0 1 -1 0 1 -1 1 -1 1 0 -1 1 -1 0 0 1 0 -1 ];
measures = [0 0 0 0 1 1 1 1 1 1 1 1 1 1 1 1 1 1 1 1 ];
presentations = [1 2 3 4 5 6 7 8 9 10 11 12 13 14 15 16 17 18 19 20 ];
answers = [0 5 4 1 4 5 0 4 1 4 1 0 4 1 3 3 3 2 1 5 ];
adjustments = [10 -10 -3 3 -1.5 -2.5 2.5 -1.5 1.5 -1.5 1.5 2.5 -1.5 1.5 -0.5 -0.5 -0.5 0.5 1.5 -2.5 ];
sentences = {'65555' '70762' '76600' '44529' '18348' '47173' '15952' '23448' '02737' '68271' '51437' '92629' '89364' '34994' '51195' '23081' '37886' '09216' '86800' '90013' };
offsets = [2700103 8384565 498610 7775510 3467652 931817 8181080 7103119 1845896 3311219 5532119 8483294 8596707 6037417 6020762 7875727 2894690 7269626 5323965 4590181 ];

