# config: "EMA:1.1.0-APPP,ID:listener14-r,SETUP:KK1,SOUNDDEVICE:USB,SOUNDSTREAM:0,SOUNDCHANNELS:1,2"
target=0.50;discardreversals=2;startvalue=0.00;steps=[4  2  1];
threshold = [-1.50 ];
values = [0.00 10.00 0.00 -5.00 0.00 -1.50 -1.00 -0.50 0.00 -1.50 -1.00 -2.50 -2.00 -1.50 -2.00 -4.50 -2.00 -2.50 -5.00 -4.50 ];
reversals = [0 -1 0 1 -1 1 0 0 -1 1 -1 1 0 -1 0 1 -1 0 1 0 ];
measures = [0 0 0 0 1 1 1 1 1 1 1 1 1 1 1 1 1 1 1 1 ];
presentations = [1 2 3 4 5 6 7 8 9 10 11 12 13 14 15 16 17 18 19 20 ];
answers = [0 5 5 0 4 2 2 2 4 2 4 2 2 3 5 0 3 5 2 2 ];
adjustments = [10 -10 -5 5 -1.5 0.5 0.5 0.5 -1.5 0.5 -1.5 0.5 0.5 -0.5 -2.5 2.5 -0.5 -2.5 0.5 0.5 ];
sentences = {'29394' '18314' '52277' '24621' '47048' '89135' '52988' '66127' '48832' '61793' '35209' '00456' '33980' '76802' '14040' '91451' '70565' '87713' '03676' '95569' };
offsets = [4751000 4260642 3893191 2741075 3624421 4458300 1995868 6121079 8608912 7884484 9389532 4117692 3896534 1486647 4646790 7880597 9046022 3493755 5613227 9456544 ];

