# config: "EMA:1.1.0-APPP,ID:listener14-r,SETUP:KK1,SOUNDDEVICE:USB,SOUNDSTREAM:0,SOUNDCHANNELS:1,2"
target=0.50;discardreversals=2;startvalue=0.00;steps=[4  2  1];
threshold = [-4.25 ];
values = [0.00 -2.00 0.00 -3.00 -5.50 -4.00 -4.50 -3.00 -3.50 -6.00 -4.50 -5.00 -5.50 -6.00 -4.50 -2.00 -1.50 -2.00 0.50 0.00 ];
reversals = [0 1 -1 0 1 -1 1 -1 0 1 -1 0 0 1 0 0 -1 1 -1 0 ];
measures = [0 0 0 0 1 1 1 1 1 1 1 1 1 1 1 1 1 1 1 1 ];
presentations = [1 2 3 4 5 6 7 8 9 10 11 12 13 14 15 16 17 18 19 20 ];
answers = [3 2 4 5 1 3 1 3 5 1 3 3 3 1 0 2 3 0 3 5 ];
adjustments = [-2 2 -3 -2.5 1.5 -0.5 1.5 -0.5 -2.5 1.5 -0.5 -0.5 -0.5 1.5 2.5 0.5 -0.5 2.5 -0.5 -2.5 ];
sentences = {'11755' '52988' '45923' '08168' '29394' '66127' '91451' '54841' '87470' '70287' '14040' '35209' '70565' '69009' '22336' '87713' '48832' '93692' '36514' '03676' };
offsets = [5672625 7774741 2658767 5131609 2569970 8512510 523402 1489624 8381120 4707601 7881280 2808232 4573549 7794139 6269482 8450127 1673101 3899399 1286984 2042811 ];

