# config: "EMA:1.1.0-APPP,ID:listener14-r,SETUP:KK1,SOUNDDEVICE:USB,SOUNDSTREAM:0,SOUNDCHANNELS:1,2"
target=0.50;discardreversals=2;startvalue=0.00;steps=[4  2  1];
threshold = [-9.50 ];
values = [0.00 -10.00 0.00 -3.00 -5.50 -7.00 -8.50 -9.00 -9.50 -8.00 -8.50 -10.00 -10.50 -13.00 -12.50 -11.00 -8.50 -11.00 -12.50 -12.00 ];
reversals = [0 1 -1 0 0 0 0 0 1 -1 0 0 0 1 0 0 -1 0 1 0 ];
measures = [0 0 0 0 0 0 0 0 1 1 1 1 1 1 1 1 1 1 1 1 ];
presentations = [1 2 3 4 5 6 7 8 9 10 11 12 13 14 15 16 17 18 19 20 ];
answers = [5 0 4 5 4 4 3 3 1 3 4 3 5 2 1 0 5 4 2 0 ];
adjustments = [-10 10 -3 -2.5 -1.5 -1.5 -0.5 -0.5 1.5 -0.5 -1.5 -0.5 -2.5 0.5 1.5 2.5 -2.5 -1.5 0.5 2.5 ];
sentences = {'18314' '76802' '33980' '89135' '82487' '47048' '90790' '77974' '59026' '24318' '95569' '66553' '00456' '48835' '03262' '24621' '52277' '15149' '61793' '31601' };
offsets = [7244153 167175 3893186 3971071 5546349 5952412 5088091 8093891 2244817 5445995 4608170 5052498 2030762 4489171 2135273 68611 4029101 6763855 6221589 2331248 ];

