# config: "EMA:1.1.0-APPP,ID:listener14-r,SETUP:KK1,SOUNDDEVICE:USB,SOUNDSTREAM:0,SOUNDCHANNELS:1,2"
target=0.50;discardreversals=2;startvalue=0.00;steps=[4  2  1];
threshold = [-4.50 ];
values = [0.00 -2.00 -8.00 2.00 1.00 -1.50 -2.00 -3.50 -5.00 -6.50 -5.00 -3.50 -5.00 -4.50 -4.00 -5.50 -3.00 -2.50 -2.00 -2.50 ];
reversals = [0 0 1 -1 0 0 0 0 0 1 0 -1 1 0 -1 1 0 0 -1 0 ];
measures = [0 0 0 0 0 0 0 0 0 1 1 1 1 1 1 1 1 1 1 1 ];
presentations = [1 2 3 4 5 6 7 8 9 10 11 12 13 14 15 16 17 18 19 20 ];
answers = [3 4 0 3 5 3 4 4 4 1 1 4 2 2 4 0 2 2 3 5 ];
adjustments = [-2 -6 10 -1 -2.5 -0.5 -1.5 -1.5 -1.5 1.5 1.5 -1.5 0.5 0.5 -1.5 2.5 0.5 0.5 -0.5 -2.5 ];
sentences = {'95569' '12339' '06251' '77705' '18314' '89135' '50976' '44697' '21080' '98162' '00456' '52277' '69444' '24621' '85813' '33980' '33528' '61793' '76802' '47048' };
offsets = [913205 5770150 5436020 401744 5834820 298345 2340678 1984175 53888 5797376 8062171 7007036 4426524 2493393 4936600 5398209 9580352 418718 5773715 9412862 ];

