# config: "EMA:1.1.0-APPP,ID:listener14-r,SETUP:KK1,SOUNDDEVICE:USB,SOUNDSTREAM:0,SOUNDCHANNELS:1,2"
target=0.50;discardreversals=2;startvalue=0.00;steps=[4  2  1];
threshold = [-25.00 ];
values = [0.00 -10.00 -16.00 -26.00 -20.00 -25.00 -24.50 -26.00 -25.50 -25.00 -24.50 -24.00 -25.50 -27.00 -28.50 -26.00 -25.50 -25.00 -26.50 -27.00 ];
reversals = [0 0 0 1 -1 1 -1 1 0 0 0 -1 0 0 1 0 0 -1 0 0 ];
measures = [0 0 0 0 0 1 1 1 1 1 1 1 1 1 1 1 1 1 1 1 ];
presentations = [1 2 3 4 5 6 7 8 9 10 11 12 13 14 15 16 17 18 19 20 ];
answers = [5 4 5 1 5 2 4 2 2 2 2 4 4 4 0 2 2 4 3 4 ];
adjustments = [-10 -6 -10 6 -5 0.5 -1.5 0.5 0.5 0.5 0.5 -1.5 -1.5 -1.5 2.5 0.5 0.5 -1.5 -0.5 -1.5 ];
sentences = {'87470' '11755' '59026' '48835' '24318' '15149' '45923' '36514' '31601' '66553' '93692' '08168' '69009' '82487' '54841' '22336' '03262' '90790' '77974' '70287' };
offsets = [3638059 2118837 6409248 7453134 5130424 5093833 3642909 7433961 4737731 4704656 2388978 4331317 2652103 6156922 124603 5242549 5262710 1358479 440295 7182190 ];

