# config: "EMA:1.1.0-APPP,ID:listener14-r,SETUP:KK1,SOUNDDEVICE:USB,SOUNDSTREAM:0,SOUNDCHANNELS:1,2"
target=0.50;discardreversals=2;startvalue=0.00;steps=[4  2  1];
threshold = [-27.25 ];
values = [0.00 -10.00 -20.00 -26.00 -24.00 -27.00 -28.50 -28.00 -27.50 -27.00 -26.50 -27.00 -25.50 -28.00 -27.50 -27.00 -27.50 -29.00 -27.50 -28.00 ];
reversals = [0 0 0 1 -1 0 1 0 0 0 -1 1 -1 1 0 -1 0 1 -1 0 ];
measures = [0 0 0 0 0 0 1 1 1 1 1 1 1 1 1 1 1 1 1 1 ];
presentations = [1 2 3 4 5 6 7 8 9 10 11 12 13 14 15 16 17 18 19 20 ];
answers = [5 5 4 2 4 4 2 2 2 2 3 1 5 2 2 3 4 1 3 4 ];
adjustments = [-10 -10 -6 2 -3 -1.5 0.5 0.5 0.5 0.5 -0.5 1.5 -2.5 0.5 0.5 -0.5 -1.5 1.5 -0.5 -1.5 ];
sentences = {'69009' '87263' '55025' '22336' '74972' '03491' '16140' '30757' '41634' '22586' '68819' '11755' '87470' '99308' '54841' '08168' '70287' '93692' '36514' '45923' };
offsets = [5195791 5122072 7438813 6537192 5298716 6143605 6377173 4088148 4286905 2025624 3932693 2065828 6760590 6205745 958630 4107871 6400003 1334930 3661077 5181385 ];

