# config: "EMA:1.1.0-APPP,ID:listener14-r,SETUP:KK1,SOUNDDEVICE:USB,SOUNDSTREAM:0,SOUNDCHANNELS:1,2"
target=0.50;discardreversals=2;startvalue=0.00;steps=[4  2  1];
threshold = [-7.00 ];
values = [0.00 -2.00 -12.00 -2.00 -3.00 -3.50 -3.00 -4.50 -7.00 -5.50 -7.00 -7.50 -6.00 -7.50 -7.00 -7.50 -7.00 -7.50 -6.00 -5.50 ];
reversals = [0 0 1 -1 0 1 -1 0 1 -1 0 1 -1 1 -1 1 -1 1 0 0 ];
measures = [0 0 0 0 0 1 1 1 1 1 1 1 1 1 1 1 1 1 1 1 ];
presentations = [1 2 3 4 5 6 7 8 9 10 11 12 13 14 15 16 17 18 19 20 ];
answers = [3 5 0 3 3 2 4 5 1 4 3 1 4 2 3 2 3 1 2 2 ];
adjustments = [-2 -10 10 -1 -0.5 0.5 -1.5 -2.5 1.5 -1.5 -0.5 1.5 -1.5 0.5 -0.5 0.5 -0.5 1.5 0.5 0.5 ];
sentences = {'93692' '99308' '45923' '16140' '70287' '74972' '36514' '87470' '11755' '69009' '87263' '08168' '68819' '22586' '22336' '55025' '03491' '41634' '54841' '30757' };
offsets = [2217729 5069183 2784502 846941 5664699 6919334 7183311 8325475 7241520 6275343 3406624 2838270 8177735 5558811 3460667 6484527 6887979 2994719 6226954 1097236 ];

