# config: "EMA:1.1.0-APPP,ID:listener14-r,SETUP:KK1,SOUNDDEVICE:USB,SOUNDSTREAM:0,SOUNDCHANNELS:1,2"
target=0.50;discardreversals=2;startvalue=0.00;steps=[4  2  1];
threshold = [1.50 ];
values = [0.00 6.00 4.00 1.00 2.00 1.50 1.00 3.50 3.00 3.50 1.00 1.50 1.00 0.50 1.00 -0.50 1.00 1.50 1.00 0.50 ];
reversals = [0 -1 0 1 -1 0 1 -1 1 -1 1 -1 0 1 -1 1 0 -1 0 0 ];
measures = [0 0 0 0 1 1 1 1 1 1 1 1 1 1 1 1 1 1 1 1 ];
presentations = [1 2 3 4 5 6 7 8 9 10 11 12 13 14 15 16 17 18 19 20 ];
answers = [1 3 4 2 3 3 0 3 2 5 2 3 3 2 4 1 2 3 3 5 ];
adjustments = [6 -2 -3 1 -0.5 -0.5 2.5 -0.5 0.5 -2.5 0.5 -0.5 -0.5 0.5 -1.5 1.5 0.5 -0.5 -0.5 -2.5 ];
sentences = {'48835' '03262' '77705' '90790' '50976' '33528' '31601' '85813' '12339' '15149' '21080' '69444' '98162' '24318' '44697' '06251' '66553' '59026' '77974' '82487' };
offsets = [5297428 4843573 6068632 3183825 5863187 6361221 4921348 235336 472219 3397312 7898981 6831440 1853181 3068563 2254214 2633838 2220578 6953684 4329971 6825882 ];

