# config: "EMA:1.1.0-APPP,ID:listener14-r,SETUP:KK1,SOUNDDEVICE:USB,SOUNDSTREAM:0,SOUNDCHANNELS:1,2"
target=0.75;minreversals=14;discardreversals=4;minmeasures=25;startvalue=20.00;steps=[4  4  2  1];
threshold = [1.00 ];
values = [20.00 16.00 12.00 8.00 4.00 16.00 16.00 16.00 12.00 10.00 10.00 10.00 10.00 8.00 8.00 8.00 6.00 6.00 4.00 2.00 2.00 2.00 2.00 2.00 0.00 0.00 0.00 6.00 5.00 5.00 4.00 4.00 4.00 3.00 3.00 3.00 2.00 2.00 2.00 2.00 2.00 1.00 1.00 4.00 4.00 3.00 3.00 2.00 2.00 6.00 6.00 5.00 5.00 5.00 5.00 5.00 5.00 5.00 5.00 5.00 4.00 3.00 3.00 2.00 1.00 1.00 1.00 1.00 0.00 -1.00 -1.00 -1.00 -1.00 -2.00 -2.00 1.00 1.00 0.00 0.00 3.00 3.00 3.00 2.00 1.00 0.00 0.00 -1.00 -2.00 1.00 4.00 4.00 3.00 2.00 2.00 2.00 1.00 1.00 1.00 1.00 ];
reversals = [0 0 0 0 1 0 0 -1 0 0 0 0 0 0 0 0 0 0 0 0 0 0 0 0 0 0 1 -1 0 0 0 0 0 0 0 0 0 0 0 0 0 0 1 0 -1 0 0 0 1 0 -1 0 0 0 0 0 0 0 0 0 0 0 0 0 0 0 0 0 0 0 0 0 0 0 1 0 -1 0 1 0 0 -1 0 0 0 0 0 1 0 0 -1 0 0 0 0 0 0 0 1 ];
measures = [0 0 0 0 0 0 0 0 0 0 0 0 0 0 0 0 0 0 0 0 0 0 0 0 0 0 0 0 0 0 0 0 0 0 0 0 0 0 0 0 0 0 1 1 1 1 1 1 1 1 1 1 1 1 1 1 1 1 1 1 1 1 1 1 1 1 1 1 1 1 1 1 1 1 1 1 1 1 1 1 1 1 1 1 1 1 1 1 1 1 1 1 1 1 1 1 1 1 1 ];
presentations = [1 1 1 1 1 0 0 1 1 0 0 0 1 0 0 1 0 1 1 0 0 0 0 1 0 0 1 1 0 1 0 0 1 0 0 1 0 0 0 0 1 0 1 0 1 0 1 0 0 0 1 0 0 0 0 0 0 0 0 1 1 0 1 1 0 0 0 1 1 0 0 0 1 0 1 0 1 0 1 0 0 1 1 1 0 1 1 1 1 0 1 1 0 0 1 0 0 0 1 ];
answers = [1 1 1 1 0 0 0 1 1 0 0 0 1 0 0 1 0 1 1 0 0 0 0 1 0 0 0 1 0 1 0 0 1 0 0 1 0 0 0 0 1 0 0 0 1 0 1 0 1 0 1 0 0 0 0 0 0 0 0 1 1 0 1 1 0 0 0 1 1 0 0 0 1 0 0 0 1 0 0 0 0 1 1 1 0 1 1 0 0 0 1 1 0 0 1 0 0 0 0 ];
adjustments = [-4 -4 -4 -4 12 0 0 -4 -2 0 0 0 -2 0 0 -2 0 -2 -2 0 0 0 0 -2 0 0 6 -1 0 -1 0 0 -1 0 0 -1 0 0 0 0 -1 0 3 0 -1 0 -1 0 4 0 -1 0 0 0 0 0 0 0 0 -1 -1 0 -1 -1 0 0 0 -1 -1 0 0 0 -1 0 3 0 -1 0 3 0 0 -1 -1 -1 0 -1 -1 3 3 0 -1 -1 0 0 -1 0 0 0 3 ];
offsets = [2552515 1029536 1653000 986275 1735947 4637483 1182072 4435976 283316 3517918 1432754 229499 803856 1875547 184364 3799370 534694 76364 5245654 4214791 2328098 4182914 1772963 1811134 2356398 3271425 2815159 621328 1571710 3940704 4760242 303894 4981039 3282339 3622991 1588216 2721586 1246044 274767 3730419 110747 3531413 248524 942568 4248956 171531 926910 3355792 2172202 4991308 1552482 4850192 3214397 4109311 3422321 1910054 1595328 1092126 4691445 2795466 4351516 4254633 3897015 1224870 3308268 840090 2882667 2930089 494398 206169 2148975 3105251 405298 3543007 405803 3324980 3356435 2410450 1688264 1217523 3152543 4953007 4035634 4252217 2272894 2173105 4079068 2257551 475526 4624933 3441605 1602123 4196486 5113177 1865104 3684778 4014257 3237539 492745 ];

