# config: "EMA:1.1.0-APPP,ID:listener14-r,SETUP:KK1,SOUNDDEVICE:USB,SOUNDSTREAM:0,SOUNDCHANNELS:1,2"
target=0.75;minreversals=14;discardreversals=4;minmeasures=25;startvalue=20.00;steps=[4  4  2  1];
threshold = [6.00 ];
values = [20.00 16.00 12.00 8.00 8.00 20.00 20.00 20.00 20.00 16.00 16.00 16.00 16.00 16.00 16.00 16.00 14.00 14.00 12.00 12.00 12.00 12.00 12.00 12.00 12.00 12.00 10.00 8.00 8.00 6.00 4.00 4.00 2.00 2.00 2.00 2.00 2.00 2.00 8.00 8.00 8.00 8.00 7.00 7.00 7.00 7.00 7.00 6.00 6.00 6.00 9.00 8.00 8.00 7.00 7.00 7.00 7.00 7.00 7.00 6.00 5.00 5.00 5.00 4.00 3.00 6.00 6.00 6.00 6.00 6.00 6.00 5.00 5.00 4.00 3.00 3.00 6.00 6.00 5.00 5.00 5.00 4.00 4.00 3.00 3.00 3.00 6.00 6.00 6.00 6.00 5.00 8.00 8.00 8.00 7.00 6.00 6.00 5.00 5.00 5.00 4.00 4.00 3.00 3.00 3.00 6.00 ];
reversals = [0 0 0 0 1 0 0 0 -1 0 0 0 0 0 0 0 0 0 0 0 0 0 0 0 0 0 0 0 0 0 0 0 0 0 0 0 0 1 0 0 0 -1 0 0 0 0 0 0 0 1 -1 0 0 0 0 0 0 0 0 0 0 0 0 0 1 0 0 0 0 0 -1 0 0 0 0 1 0 -1 0 0 0 0 0 0 0 1 0 0 0 -1 1 0 0 -1 0 0 0 0 0 0 0 0 0 0 1 -1 ];
measures = [0 0 0 0 0 0 0 0 0 0 0 0 0 0 0 0 0 0 0 0 0 0 0 0 0 0 0 0 0 0 0 0 0 0 0 0 0 0 0 0 0 0 0 0 0 0 0 0 0 1 1 1 1 1 1 1 1 1 1 1 1 1 1 1 1 1 1 1 1 1 1 1 1 1 1 1 1 1 1 1 1 1 1 1 1 1 1 1 1 1 1 1 1 1 1 1 1 1 1 1 1 1 1 1 1 1 ];
presentations = [1 1 1 0 1 0 0 0 1 0 0 0 0 0 0 1 0 1 0 0 0 0 0 0 0 1 1 0 1 1 0 1 0 0 0 0 0 1 0 0 0 1 0 0 0 0 1 0 0 1 1 0 1 0 0 0 0 0 1 1 0 0 1 1 1 0 0 0 0 0 1 0 1 1 0 1 0 1 0 0 1 0 1 0 0 1 0 0 0 1 1 0 0 1 1 0 1 0 0 1 0 1 0 0 1 1 ];
answers = [1 1 1 0 0 0 0 0 1 0 0 0 0 0 0 1 0 1 0 0 0 0 0 0 0 1 1 0 1 1 0 1 0 0 0 0 0 0 0 0 0 1 0 0 0 0 1 0 0 0 1 0 1 0 0 0 0 0 1 1 0 0 1 1 0 0 0 0 0 0 1 0 1 1 0 0 0 1 0 0 1 0 1 0 0 0 0 0 0 1 0 0 0 1 1 0 1 0 0 1 0 1 0 0 0 1 ];
adjustments = [-4 -4 -4 0 12 0 0 0 -4 0 0 0 0 0 0 -2 0 -2 0 0 0 0 0 0 0 -2 -2 0 -2 -2 0 -2 0 0 0 0 0 6 0 0 0 -1 0 0 0 0 -1 0 0 3 -1 0 -1 0 0 0 0 0 -1 -1 0 0 -1 -1 3 0 0 0 0 0 -1 0 -1 -1 0 3 0 -1 0 0 -1 0 -1 0 0 3 0 0 0 -1 3 0 0 -1 -1 0 -1 0 0 -1 0 -1 0 0 3 -1 ];
offsets = [689568 2645329 4938897 1705183 1692700 2263484 3959852 4852534 598134 4699724 4607268 1100183 4978975 5227383 5015875 1145515 3275510 1529467 4032897 4666313 936494 2635576 1698649 4471884 3129047 3030848 3231658 1418186 987264 3344700 1166504 2858414 1809561 5145187 4598962 4589494 1656467 50759 415484 3061549 4166571 882302 384002 5075576 3091562 2801641 498796 4500102 4023967 508674 2431887 4464525 1041718 1879889 3738114 4969429 4489741 2318529 2883097 4384574 4544566 3278709 2219705 3335194 4558804 5111461 531799 4849062 581236 732076 2566873 1961622 1235243 4843769 3402243 2237396 150172 1769564 3786202 143501 1120436 1083586 4105482 871468 3771524 4706806 4689274 3902815 467327 2365188 4980643 3082721 3772053 852337 3450284 4720563 2571019 4986498 2026056 3594473 1821648 3321958 1017424 777656 2180003 3531956 ];

