# config: "EMA:1.1.0-APPP,ID:listener14-r,SETUP:KK1,SOUNDDEVICE:USB,SOUNDSTREAM:0,SOUNDCHANNELS:1,2"
target=0.75;minreversals=14;discardreversals=4;minmeasures=25;startvalue=20.00;steps=[4  4  2  1];
threshold = [-3.00 ];
values = [20.00 16.00 12.00 8.00 8.00 4.00 0.00 0.00 -4.00 8.00 4.00 2.00 0.00 0.00 0.00 0.00 0.00 -2.00 -2.00 -2.00 -2.00 -4.00 -4.00 2.00 2.00 1.00 1.00 1.00 0.00 0.00 -1.00 -2.00 -2.00 -2.00 -3.00 0.00 0.00 0.00 0.00 -1.00 -1.00 -2.00 -3.00 -3.00 -4.00 -5.00 -6.00 -7.00 -4.00 -4.00 -4.00 -4.00 -1.00 -1.00 -2.00 -3.00 -4.00 -5.00 -6.00 -6.00 -3.00 -3.00 -4.00 -4.00 -4.00 -4.00 -5.00 -5.00 -5.00 -5.00 -2.00 -2.00 -3.00 -4.00 -1.00 -2.00 -3.00 ];
reversals = [0 0 0 0 0 0 0 0 1 -1 0 0 0 0 0 0 0 0 0 0 0 0 1 0 -1 0 0 0 0 0 0 0 0 0 1 0 0 0 -1 0 0 0 0 0 0 0 0 1 0 0 0 0 0 -1 0 0 0 0 0 1 0 -1 0 0 0 0 0 0 0 1 0 -1 0 1 -1 0 0 ];
measures = [0 0 0 0 0 0 0 0 0 0 0 0 0 0 0 0 0 0 0 0 0 0 0 0 0 0 0 0 0 0 0 0 0 0 1 1 1 1 1 1 1 1 1 1 1 1 1 1 1 1 1 1 1 1 1 1 1 1 1 1 1 1 1 1 1 1 1 1 1 1 1 1 1 1 1 1 1 ];
presentations = [1 1 1 0 1 1 0 1 1 1 1 1 0 0 0 0 1 0 0 0 1 0 1 0 1 0 0 1 0 1 1 0 0 1 1 0 0 0 1 0 1 1 0 1 1 1 1 1 0 0 0 1 0 1 1 1 1 1 0 1 0 1 0 0 0 1 0 0 0 1 0 1 1 1 1 1 1 ];
answers = [1 1 1 0 1 1 0 1 0 1 1 1 0 0 0 0 1 0 0 0 1 0 0 0 1 0 0 1 0 1 1 0 0 1 0 0 0 0 1 0 1 1 0 1 1 1 1 0 0 0 0 0 0 1 1 1 1 1 0 0 0 1 0 0 0 1 0 0 0 0 0 1 1 0 1 1 1 ];
adjustments = [-4 -4 -4 0 -4 -4 0 -4 12 -4 -2 -2 0 0 0 0 -2 0 0 0 -2 0 6 0 -1 0 0 -1 0 -1 -1 0 0 -1 3 0 0 0 -1 0 -1 -1 0 -1 -1 -1 -1 3 0 0 0 3 0 -1 -1 -1 -1 -1 0 3 0 -1 0 0 0 -1 0 0 0 3 0 -1 -1 3 -1 -1 -1 ];
offsets = [727019 4719002 542034 207031 2268976 785178 2841218 796056 3511348 3325815 794182 502850 441296 733417 4953092 5037063 4619410 1597086 3002540 3619014 3498776 79168 4391110 1863440 5134034 4002246 2369556 1533055 3524214 846913 1134723 1356969 3530107 1492257 1950419 1012218 188332 1129737 2524692 522235 4862851 4754626 729692 4386707 2508637 5105912 3603895 230822 3183257 2644425 4904457 3530991 4226299 1637728 148300 2270642 3083517 1412088 1880427 4514462 4259247 3202272 3433770 2337435 238872 1040889 999289 4577404 4088501 2292583 130773 1234176 4970521 5019686 3727575 265847 2761651 ];

