# config: "EMA:1.1.0-APPP,ID:listener14-r,SETUP:KK1,SOUNDDEVICE:USB,SOUNDSTREAM:0,SOUNDCHANNELS:1,2"
target=0.75;minreversals=14;discardreversals=4;minmeasures=25;startvalue=20.00;steps=[4  4  2  1];
threshold = [1.50 ];
values = [20.00 16.00 12.00 8.00 4.00 4.00 0.00 0.00 12.00 8.00 6.00 6.00 4.00 2.00 0.00 6.00 6.00 5.00 5.00 5.00 5.00 4.00 3.00 3.00 3.00 3.00 3.00 3.00 3.00 2.00 1.00 1.00 4.00 3.00 2.00 1.00 0.00 0.00 3.00 2.00 2.00 1.00 0.00 0.00 0.00 3.00 2.00 2.00 1.00 0.00 -1.00 2.00 2.00 2.00 2.00 1.00 1.00 1.00 0.00 3.00 2.00 2.00 2.00 2.00 1.00 0.00 0.00 3.00 2.00 2.00 2.00 1.00 1.00 1.00 1.00 1.00 ];
reversals = [0 0 0 0 0 0 0 1 -1 0 0 0 0 0 1 0 -1 0 0 0 0 0 0 0 0 0 0 0 0 0 0 1 -1 0 0 0 0 1 -1 0 0 0 0 0 1 -1 0 0 0 0 1 0 0 0 -1 0 0 0 1 -1 0 0 0 0 0 0 1 -1 0 0 0 0 0 0 0 0 ];
measures = [0 0 0 0 0 0 0 0 0 0 0 0 0 0 0 0 0 0 0 0 0 0 0 0 0 0 0 0 0 0 0 1 1 1 1 1 1 1 1 1 1 1 1 1 1 1 1 1 1 1 1 1 1 1 1 1 1 1 1 1 1 1 1 1 1 1 1 1 1 1 1 1 1 1 1 1 ];
presentations = [1 1 1 1 0 1 0 1 1 1 0 1 1 1 1 0 1 0 0 0 1 1 0 0 0 0 0 0 1 1 0 1 1 1 1 1 0 1 1 0 1 1 0 0 1 1 0 1 1 1 1 0 0 0 1 0 0 1 1 1 0 0 0 1 1 0 1 1 0 0 1 0 0 0 0 1 ];
answers = [1 1 1 1 0 1 0 0 1 1 0 1 1 1 0 0 1 0 0 0 1 1 0 0 0 0 0 0 1 1 0 0 1 1 1 1 0 0 1 0 1 1 0 0 0 1 0 1 1 1 0 0 0 0 1 0 0 1 0 1 0 0 0 1 1 0 0 1 0 0 1 0 0 0 0 1 ];
adjustments = [-4 -4 -4 -4 0 -4 0 12 -4 -2 0 -2 -2 -2 6 0 -1 0 0 0 -1 -1 0 0 0 0 0 0 -1 -1 0 3 -1 -1 -1 -1 0 3 -1 0 -1 -1 0 0 3 -1 0 -1 -1 -1 3 0 0 0 -1 0 0 -1 3 -1 0 0 0 -1 -1 0 3 -1 0 0 -1 0 0 0 0 -1 ];
offsets = [5193176 43594 1402592 3560441 3465769 5220156 4124391 3573859 1483568 2683938 2627627 767979 405880 1343361 1533648 1120177 808019 4089656 3081502 1353406 1743757 2161110 3812919 530797 786471 2360885 644594 4729758 4785268 184387 4556028 3899958 4868534 3243207 927683 2745408 1753972 4872298 4999611 3674366 3137824 5160802 2743473 261783 3978838 2858228 4237967 5091814 5032767 4759143 4937955 4515311 1219342 3461074 3409129 4915054 2601909 4954642 3748515 4463138 3092519 1294255 2686135 439618 4753453 3107547 1222371 4051978 3067031 3029345 2685133 5032279 2430368 402657 2120753 4730452 ];

