# config: "EMA:1.1.0-APPP,ID:listener14-r,SETUP:KK1,SOUNDDEVICE:USB,SOUNDSTREAM:0,SOUNDCHANNELS:1,2"
target=0.75;minreversals=14;discardreversals=4;minmeasures=25;startvalue=20.00;steps=[4  4  2  1];
threshold = [22.00 ];
values = [20.00 16.00 12.00 8.00 4.00 0.00 16.00 32.00 48.00 44.00 42.00 42.00 42.00 40.00 40.00 40.00 38.00 38.00 38.00 38.00 36.00 36.00 36.00 34.00 34.00 32.00 30.00 28.00 26.00 26.00 26.00 26.00 26.00 24.00 22.00 20.00 26.00 26.00 25.00 24.00 23.00 23.00 23.00 22.00 22.00 22.00 25.00 25.00 24.00 24.00 23.00 22.00 22.00 22.00 25.00 25.00 25.00 25.00 24.00 23.00 23.00 22.00 21.00 21.00 24.00 23.00 22.00 22.00 22.00 21.00 24.00 24.00 24.00 24.00 23.00 22.00 22.00 25.00 25.00 25.00 25.00 24.00 23.00 22.00 22.00 21.00 21.00 21.00 21.00 21.00 21.00 24.00 24.00 24.00 23.00 22.00 22.00 ];
reversals = [0 0 0 0 0 1 0 0 -1 0 0 0 0 0 0 0 0 0 0 0 0 0 0 0 0 0 0 0 0 0 0 0 0 0 0 1 0 -1 0 0 0 0 0 0 0 1 0 -1 0 0 0 0 0 1 0 0 0 -1 0 0 0 0 0 1 -1 0 0 0 0 1 0 0 0 -1 0 0 1 0 0 0 -1 0 0 0 0 0 0 0 0 0 1 0 0 -1 0 0 1 ];
measures = [0 0 0 0 0 0 0 0 0 0 0 0 0 0 0 0 0 0 0 0 0 0 0 0 0 0 0 0 0 0 0 0 0 0 0 0 0 0 0 0 0 0 0 0 0 1 1 1 1 1 1 1 1 1 1 1 1 1 1 1 1 1 1 1 1 1 1 1 1 1 1 1 1 1 1 1 1 1 1 1 1 1 1 1 1 1 1 1 1 1 1 1 1 1 1 1 1 ];
presentations = [1 1 1 1 1 0 0 0 1 1 0 0 1 0 0 1 0 0 0 1 0 0 1 0 1 1 1 1 0 0 0 0 1 1 1 1 0 1 1 1 0 0 1 0 0 1 0 1 0 1 1 0 0 1 0 0 0 1 1 0 1 1 0 1 1 1 0 0 1 1 0 0 0 1 1 0 1 0 0 0 1 1 1 0 1 0 0 0 0 0 1 0 0 1 1 0 1 ];
answers = [1 1 1 1 1 1 1 1 1 1 0 0 1 0 0 1 0 0 0 1 0 0 1 0 1 1 1 1 0 0 0 0 1 1 1 0 0 1 1 1 0 0 1 0 0 0 0 1 0 1 1 0 0 0 0 0 0 1 1 0 1 1 0 0 1 1 0 0 1 0 0 0 0 1 1 0 0 0 0 0 1 1 1 0 1 0 0 0 0 0 0 0 0 1 1 0 0 ];
adjustments = [-4 -4 -4 -4 -4 16 16 16 -4 -2 0 0 -2 0 0 -2 0 0 0 -2 0 0 -2 0 -2 -2 -2 -2 0 0 0 0 -2 -2 -2 6 0 -1 -1 -1 0 0 -1 0 0 3 0 -1 0 -1 -1 0 0 3 0 0 0 -1 -1 0 -1 -1 0 3 -1 -1 0 0 -1 3 0 0 0 -1 -1 0 3 0 0 0 -1 -1 -1 0 -1 0 0 0 0 0 3 0 0 -1 -1 0 3 ];
offsets = [621974 516549 3047168 1565102 1330129 2392818 5228684 3335549 524125 5059748 4675593 1560398 3447417 2747659 4983938 1637592 4419151 4011249 2791551 3687118 440185 4555103 3976845 2267645 2823255 3510154 748909 1458837 3553764 3051184 1454974 3822726 1918587 2971819 2512273 5226755 332074 3089556 4265308 2298814 4895835 2333974 3127628 2376098 422479 85378 2136662 1999267 384856 1847412 3455563 2242918 5243400 1371002 3151641 3301414 4024329 2791186 1296623 20640 4245651 247710 4423702 3134016 1511778 3932156 4046108 1616707 687866 4246550 2093660 3515311 1973438 5139468 3647260 4672647 3685965 3379279 769697 3146329 2208050 7126 400935 2035496 5230397 5116877 1138454 4158454 4526019 3401401 4780536 2391608 2976802 4643736 3718234 230561 4560124 ];

