# config: "EMA:1.1.0-APPP,ID:listener12-l,SETUP:KK1,SOUNDDEVICE:USB,SOUNDSTREAM:0,SOUNDCHANNELS:1,2"
target=0.75;minreversals=14;discardreversals=4;minmeasures=25;startvalue=70.00;steps=[8  8  4  2];
threshold = [84.00 ];
values = [70.00 94.00 86.00 78.00 78.00 102.00 98.00 98.00 96.00 94.00 94.00 92.00 90.00 88.00 86.00 86.00 86.00 84.00 84.00 84.00 84.00 84.00 84.00 84.00 84.00 84.00 82.00 80.00 78.00 78.00 84.00 82.00 82.00 82.00 80.00 86.00 84.00 82.00 82.00 80.00 86.00 84.00 82.00 80.00 78.00 84.00 82.00 82.00 82.00 80.00 86.00 84.00 82.00 80.00 80.00 80.00 80.00 80.00 86.00 84.00 82.00 82.00 82.00 88.00 88.00 88.00 86.00 86.00 86.00 86.00 84.00 84.00 ];
reversals = [0 -1 0 0 1 -1 0 0 0 0 0 0 0 0 0 0 0 0 0 0 0 0 0 0 0 0 0 0 0 1 -1 0 0 0 1 -1 0 0 0 1 -1 0 0 0 1 -1 0 0 0 1 -1 0 0 0 0 0 0 1 -1 0 0 0 1 0 0 -1 0 0 0 0 0 0 ];
measures = [0 0 0 0 0 0 0 0 0 0 0 0 0 0 0 0 0 0 0 0 0 0 0 0 0 0 0 0 0 0 1 1 1 1 1 1 1 1 1 1 1 1 1 1 1 1 1 1 1 1 1 1 1 1 1 1 1 1 1 1 1 1 1 1 1 1 1 1 1 1 1 1 ];
presentations = [1 1 1 0 1 1 0 1 1 0 1 1 1 1 0 0 1 0 0 0 0 0 0 0 0 1 1 1 0 1 1 0 0 1 1 1 1 0 1 1 1 1 1 1 1 1 0 0 1 1 1 1 1 0 0 0 0 1 1 1 0 0 1 0 0 1 0 0 0 1 0 1 ];
answers = [0 1 1 0 0 1 0 1 1 0 1 1 1 1 0 0 1 0 0 0 0 0 0 0 0 1 1 1 0 0 1 0 0 1 0 1 1 0 1 0 1 1 1 1 0 1 0 0 1 0 1 1 1 0 0 0 0 0 1 1 0 0 0 0 0 1 0 0 0 1 0 1 ];
adjustments = [24 -8 -8 0 24 -4 0 -2 -2 0 -2 -2 -2 -2 0 0 -2 0 0 0 0 0 0 0 0 -2 -2 -2 0 6 -2 0 0 -2 6 -2 -2 0 -2 6 -2 -2 -2 -2 6 -2 0 0 -2 6 -2 -2 -2 0 0 0 0 6 -2 -2 0 0 6 0 0 -2 0 0 0 -2 0 -2 ];

