# config: "EMA:1.1.0-APPP,ID:listener12-l,SETUP:KK1,SOUNDDEVICE:USB,SOUNDSTREAM:0,SOUNDCHANNELS:1,2"
target=0.50;discardreversals=2;startvalue=0.00;steps=[4  2  1];
threshold = [7.25 ];
values = [0.00 10.00 8.00 9.00 11.50 12.00 9.50 11.00 11.50 9.00 6.50 7.00 8.50 7.00 4.50 7.00 5.50 6.00 7.50 6.00 ];
reversals = [0 -1 1 0 0 -1 1 0 -1 0 1 0 -1 0 1 -1 1 0 -1 1 ];
measures = [0 0 0 0 0 1 1 1 1 1 1 1 1 1 1 1 1 1 1 1 ];
presentations = [1 2 3 4 5 6 7 8 9 10 11 12 13 14 15 16 17 18 19 20 ];
answers = [0 3 2 0 2 5 1 2 5 5 2 1 4 5 0 4 2 1 4 2 ];
adjustments = [10 -2 1 2.5 0.5 -2.5 1.5 0.5 -2.5 -2.5 0.5 1.5 -1.5 -2.5 2.5 -1.5 0.5 1.5 -1.5 0.5 ];
sentences = {'35209' '70565' '44697' '12339' '48832' '66127' '21080' '91451' '33528' '14040' '03676' '77705' '69444' '29394' '87713' '98162' '52988' '50976' '85813' '06251' };
offsets = [8200908 2703902 8254258 5444315 7617132 5956945 4967552 7807625 1918199 7858049 215000 3498083 7835546 653508 178055 916414 102694 4104731 7096199 627559 ];

