# config: "EMA:1.1.0-APPP,ID:listener12-l,SETUP:KK1,SOUNDDEVICE:USB,SOUNDSTREAM:0,SOUNDCHANNELS:1,2"
target=0.50;discardreversals=2;startvalue=0.00;steps=[4  2  1];
threshold = [7.25 ];
values = [0.00 10.00 0.00 5.00 6.50 7.00 7.50 9.00 6.50 7.00 7.50 7.00 6.50 7.00 9.50 7.00 7.50 7.00 7.50 6.00 ];
reversals = [0 -1 1 0 0 0 0 -1 1 0 -1 0 1 0 -1 1 -1 1 -1 1 ];
measures = [0 0 0 0 0 0 0 1 1 1 1 1 1 1 1 1 1 1 1 1 ];
presentations = [1 2 3 4 5 6 7 8 9 10 11 12 13 14 15 16 17 18 19 20 ];
answers = [0 5 0 1 2 2 1 5 2 2 3 3 2 0 5 2 3 2 4 1 ];
adjustments = [10 -10 5 1.5 0.5 0.5 1.5 -2.5 0.5 0.5 -0.5 -0.5 0.5 2.5 -2.5 0.5 -0.5 0.5 -1.5 1.5 ];
sentences = {'03676' '29394' '35209' '33528' '98162' '06251' '85813' '87713' '91451' '69444' '21080' '12339' '14040' '66127' '52988' '70565' '48832' '44697' '77705' '50976' };
offsets = [8013500 6550800 349188 896901 3845749 3246707 1805707 8298638 1979123 297255 320951 6337871 2156938 7227896 2006081 3703392 5604509 2806823 3285574 6151092 ];

