# config: "EMA:1.1.0-APPP,ID:listener12-l,SETUP:KK1,SOUNDDEVICE:USB,SOUNDSTREAM:0,SOUNDCHANNELS:1,2"
target=0.50;discardreversals=2;startvalue=0.00;steps=[4  2  1];
threshold = [-23.00 ];
values = [0.00 -6.00 -12.00 -22.00 -28.00 -18.00 -21.00 -20.50 -21.00 -23.50 -23.00 -25.50 -23.00 -25.50 -23.00 -23.50 -21.00 -18.50 -20.00 -22.50 ];
reversals = [0 0 0 0 1 -1 1 -1 0 1 -1 1 -1 1 -1 1 0 -1 0 0 ];
measures = [0 0 0 0 0 0 1 1 1 1 1 1 1 1 1 1 1 1 1 1 ];
presentations = [1 2 3 4 5 6 7 8 9 10 11 12 13 14 15 16 17 18 19 20 ];
answers = [4 4 5 4 0 4 2 3 5 2 5 0 5 0 3 0 0 4 5 5 ];
adjustments = [-6 -6 -10 -6 10 -3 0.5 -0.5 -2.5 0.5 -2.5 2.5 -2.5 2.5 -0.5 2.5 2.5 -1.5 -2.5 -2.5 ];
sentences = {'21080' '61793' '76802' '44697' '12339' '95569' '50976' '18314' '85813' '69444' '33528' '89135' '98162' '77705' '33980' '06251' '00456' '52277' '47048' '24621' };
offsets = [157134 80360 3712954 3011196 5439289 164319 5452339 2643796 879012 5928246 5969326 5483557 2836089 1983540 2191340 1255292 6103414 2843041 7200648 34515 ];

