# config: "EMA:1.1.0-APPP,ID:listener12-l,SETUP:KK1,SOUNDDEVICE:USB,SOUNDSTREAM:0,SOUNDCHANNELS:1,2"
target=0.50;discardreversals=2;startvalue=0.00;steps=[4  2  1];
threshold = [5.25 ];
values = [0.00 10.00 0.00 5.00 3.50 6.00 6.50 9.00 6.50 4.00 4.50 6.00 3.50 4.00 3.50 6.00 5.50 6.00 8.50 6.00 ];
reversals = [0 -1 1 -1 1 0 0 -1 0 1 0 -1 1 -1 1 -1 1 0 -1 1 ];
measures = [0 0 0 1 1 1 1 1 1 1 1 1 1 1 1 1 1 1 1 1 ];
presentations = [1 2 3 4 5 6 7 8 9 10 11 12 13 14 15 16 17 18 19 20 ];
answers = [0 5 0 4 0 2 0 5 5 2 1 5 2 3 0 3 2 0 5 2 ];
adjustments = [10 -10 5 -1.5 2.5 0.5 2.5 -2.5 -2.5 0.5 1.5 -2.5 0.5 -0.5 2.5 -0.5 0.5 2.5 -2.5 0.5 ];
sentences = {'24621' '33980' '89135' '18348' '34994' '52277' '00456' '47048' '70762' '09216' '23081' '95569' '65555' '92629' '86800' '47173' '18314' '51437' '61793' '76802' };
offsets = [879925 4714310 2767634 6273559 5411586 159360 2463835 1282895 4668804 7112437 5881691 6005343 6870637 6374560 3686478 6176038 1673173 5407341 902091 5600396 ];

