# config: "EMA:1.1.0-APPP,ID:listener12-l,SETUP:KK1,SOUNDDEVICE:USB,SOUNDSTREAM:0,SOUNDCHANNELS:1,2"
target=0.50;discardreversals=2;startvalue=0.00;steps=[4  2  1];
threshold = [0.25 ];
values = [0.00 -10.00 0.00 1.00 6.00 1.00 1.50 -1.00 1.50 0.00 0.50 0.00 0.50 2.00 2.50 2.00 -0.50 -2.00 -4.50 -3.00 ];
reversals = [0 1 0 0 -1 1 -1 1 -1 1 -1 1 0 0 -1 0 0 0 1 -1 ];
measures = [0 0 0 0 0 1 1 1 1 1 1 1 1 1 1 1 1 1 1 1 ];
presentations = [1 2 3 4 5 6 7 8 9 10 11 12 13 14 15 16 17 18 19 20 ];
answers = [5 0 2 0 5 2 5 0 4 2 3 2 1 2 3 5 4 5 1 4 ];
adjustments = [-10 10 1 5 -5 0.5 -2.5 2.5 -1.5 0.5 -0.5 0.5 1.5 0.5 -0.5 -2.5 -1.5 -2.5 1.5 -1.5 ];
sentences = {'23448' '37886' '02737' '66127' '70565' '89364' '03676' '76600' '35209' '48832' '15952' '90013' '51195' '68271' '91451' '14040' '52988' '29394' '44529' '87713' };
offsets = [4777370 1187455 5562089 553343 2141200 7696705 2880884 1600488 1456567 3733350 7795502 7148055 5691966 4077667 4390326 1117196 6256318 8458579 4676801 948185 ];

