# config: "EMA:1.1.0-APPP,ID:listener12-l,SETUP:KK1,SOUNDDEVICE:USB,SOUNDSTREAM:0,SOUNDCHANNELS:1,2"
target=0.50;discardreversals=2;startvalue=0.00;steps=[4  2  1];
threshold = [2.50 ];
values = [0.00 10.00 8.00 3.00 6.00 3.50 2.00 1.50 1.00 1.50 2.00 2.50 0.00 2.50 4.00 2.50 0.00 2.50 0.00 2.50 ];
reversals = [0 -1 0 1 -1 0 0 0 1 0 0 -1 1 0 -1 0 1 -1 1 -1 ];
measures = [0 0 0 0 1 1 1 1 1 1 1 1 1 1 1 1 1 1 1 1 ];
presentations = [1 2 3 4 5 6 7 8 9 10 11 12 13 14 15 16 17 18 19 20 ];
answers = [0 3 5 1 5 4 3 3 2 2 2 5 0 1 4 5 0 5 0 3 ];
adjustments = [10 -2 -5 3 -2.5 -1.5 -0.5 -0.5 0.5 0.5 0.5 -2.5 2.5 1.5 -1.5 -2.5 2.5 -2.5 2.5 -0.5 ];
sentences = {'87263' '51437' '68819' '86800' '70762' '92629' '22586' '16140' '18348' '74972' '41634' '99308' '30757' '34994' '55025' '47173' '03491' '65555' '23081' '09216' };
offsets = [6254498 5974734 1507220 4495067 4033880 1843004 3435406 5251729 7805497 8694592 1643877 3182142 3357486 4821140 7169779 2400519 6095398 3226729 6562737 1779424 ];

