# config: "EMA:1.1.0-APPP,ID:listener12-l,SETUP:KK1,SOUNDDEVICE:USB,SOUNDSTREAM:0,SOUNDCHANNELS:1,2"
target=0.50;discardreversals=2;startvalue=0.00;steps=[4  2  1];
threshold = [-25.00 ];
values = [0.00 -10.00 -20.00 -30.00 -20.00 -23.00 -24.50 -25.00 -24.50 -24.00 -26.50 -26.00 -23.50 -24.00 -23.50 -26.00 -25.50 -25.00 -27.50 -27.00 ];
reversals = [0 0 0 1 -1 0 0 1 0 -1 1 0 -1 1 -1 1 0 -1 1 0 ];
measures = [0 0 0 0 0 0 0 1 1 1 1 1 1 1 1 1 1 1 1 1 ];
presentations = [1 2 3 4 5 6 7 8 9 10 11 12 13 14 15 16 17 18 19 20 ];
answers = [5 5 5 0 4 4 3 2 2 5 2 0 3 2 5 2 2 5 2 1 ];
adjustments = [-10 -10 -10 10 -3 -1.5 -0.5 0.5 0.5 -2.5 0.5 2.5 -0.5 0.5 -2.5 0.5 0.5 -2.5 0.5 1.5 ];
sentences = {'70287' '30757' '55025' '54841' '69009' '87470' '99308' '93692' '22586' '16140' '87263' '41634' '11755' '22336' '36514' '68819' '45923' '08168' '03491' '74972' };
offsets = [2980030 5731134 6026017 2226876 3623214 5222962 1374420 5785475 1933323 412890 4088259 7538619 4163887 7433421 1917617 3414524 7403598 684506 19316 5866679 ];

