# config: "EMA:1.1.0-APPP,ID:listener12-l,SETUP:KK1,SOUNDDEVICE:USB,SOUNDSTREAM:0,SOUNDCHANNELS:1,2"
target=0.50;discardreversals=2;startvalue=0.00;steps=[4  2  1];
threshold = [0.50 ];
values = [0.00 2.00 8.00 -2.00 3.00 0.50 2.00 0.50 -1.00 -0.50 -1.00 -0.50 0.00 -0.50 2.00 1.50 3.00 0.50 3.00 3.50 ];
reversals = [0 0 -1 1 -1 1 -1 0 1 -1 1 0 -1 1 -1 1 -1 1 0 -1 ];
measures = [0 0 0 0 1 1 1 1 1 1 1 1 1 1 1 1 1 1 1 1 ];
presentations = [1 2 3 4 5 6 7 8 9 10 11 12 13 14 15 16 17 18 19 20 ];
answers = [2 1 5 0 5 1 4 4 2 3 2 2 3 0 3 1 5 0 2 3 ];
adjustments = [2 6 -10 5 -2.5 1.5 -1.5 -1.5 0.5 -0.5 0.5 0.5 -0.5 2.5 -0.5 1.5 -2.5 2.5 0.5 -0.5 ];
sentences = {'23081' '34994' '98162' '85813' '12339' '86800' '69444' '77705' '65555' '70762' '21080' '09216' '44697' '92629' '18348' '33528' '47173' '06251' '50976' '51437' };
offsets = [2071495 6460249 7579825 9566087 6757659 9795954 9277224 6759750 2741216 3031500 5418916 2715797 9429730 9807221 3427088 5979704 8626084 3293959 108913 6032880 ];

