# config: "EMA:1.1.0-APPP,ID:listener12-l,SETUP:KK1,SOUNDDEVICE:USB,SOUNDSTREAM:0,SOUNDCHANNELS:1,2"
target=0.50;discardreversals=2;startvalue=0.00;steps=[4  2  1];
threshold = [-17.00 ];
values = [0.00 -10.00 -16.00 -18.00 -12.00 -17.00 -15.50 -16.00 -16.50 -17.00 -15.50 -17.00 -15.50 -17.00 -19.50 -17.00 -15.50 -17.00 -16.50 -15.00 ];
reversals = [0 0 0 1 -1 1 -1 0 0 1 -1 1 -1 0 1 0 -1 1 0 0 ];
measures = [0 0 0 0 0 1 1 1 1 1 1 1 1 1 1 1 1 1 1 1 ];
presentations = [1 2 3 4 5 6 7 8 9 10 11 12 13 14 15 16 17 18 19 20 ];
answers = [5 4 3 1 5 1 3 3 3 1 4 1 4 5 0 1 4 2 1 2 ];
adjustments = [-10 -6 -2 6 -5 1.5 -0.5 -0.5 -0.5 1.5 -1.5 1.5 -1.5 -2.5 2.5 1.5 -1.5 0.5 1.5 0.5 ];
sentences = {'90790' '66553' '22336' '54841' '48835' '93692' '70287' '45923' '59026' '36514' '69009' '11755' '15149' '08168' '03262' '87470' '77974' '24318' '31601' '82487' };
offsets = [3369915 2177029 4450798 6080537 2469447 1403800 1480047 2883208 4946193 6166083 3602474 6567157 7082952 6439057 3729240 3176998 5156507 6163578 6020133 7225772 ];

