# config: "EMA:1.1.0-APPP,ID:listener12-l,SETUP:KK1,SOUNDDEVICE:USB,SOUNDSTREAM:0,SOUNDCHANNELS:1,2"
target=0.50;discardreversals=2;startvalue=0.00;steps=[4  2  1];
threshold = [-9.50 ];
values = [0.00 -2.00 -4.00 -14.00 -8.00 -3.00 -4.00 -5.50 -8.00 -9.50 -9.00 -10.50 -8.00 -7.50 -10.00 -7.50 -10.00 -9.50 -11.00 -9.50 ];
reversals = [0 0 0 1 0 -1 0 0 0 1 -1 1 0 -1 1 -1 1 -1 1 0 ];
measures = [0 0 0 0 0 0 0 0 0 1 1 1 1 1 1 1 1 1 1 1 ];
presentations = [1 2 3 4 5 6 7 8 9 10 11 12 13 14 15 16 17 18 19 20 ];
answers = [3 3 5 1 0 3 4 5 4 2 4 0 2 5 0 5 2 4 1 1 ];
adjustments = [-2 -2 -10 6 5 -1 -1.5 -2.5 -1.5 0.5 -1.5 2.5 0.5 -2.5 2.5 -2.5 0.5 -1.5 1.5 1.5 ];
sentences = {'80338' '31601' '05413' '48835' '43285' '03262' '82487' '90790' '24318' '39994' '94067' '15149' '77974' '26626' '67850' '72141' '51779' '66553' '59026' '18502' };
offsets = [5100725 6336095 1926265 5471843 6863710 1222432 8424428 1361495 2750275 8237296 1250459 1545486 6320691 6146120 2118517 5803511 2730238 4482694 6994696 695094 ];

