# config: "EMA:1.1.0-APPP,ID:listener12-l,SETUP:KK1,SOUNDDEVICE:USB,SOUNDSTREAM:0,SOUNDCHANNELS:1,2"
target=0.50;discardreversals=2;startvalue=0.00;steps=[4  2  1];
threshold = [-3.50 ];
values = [0.00 -10.00 0.00 -1.00 -2.50 -2.00 -2.50 -3.00 -5.50 -3.00 -3.50 -1.00 -3.50 -3.00 -2.50 -5.00 -5.50 -4.00 -6.50 -4.00 ];
reversals = [0 1 -1 0 1 -1 0 0 1 -1 1 -1 1 0 -1 0 1 -1 1 0 ];
measures = [0 0 0 0 1 1 1 1 1 1 1 1 1 1 1 1 1 1 1 1 ];
presentations = [1 2 3 4 5 6 7 8 9 10 11 12 13 14 15 16 17 18 19 20 ];
answers = [5 0 3 4 2 3 3 5 0 3 0 5 2 2 5 3 1 5 0 1 ];
adjustments = [-10 10 -1 -1.5 0.5 -0.5 -0.5 -2.5 2.5 -0.5 2.5 -2.5 0.5 0.5 -2.5 -0.5 1.5 -2.5 2.5 1.5 ];
sentences = {'08168' '52277' '11755' '24621' '76802' '87470' '33980' '70287' '69009' '61793' '93692' '45923' '00456' '22336' '47048' '89135' '36514' '18314' '54841' '95569' };
offsets = [5676735 917285 6996489 2922440 1263627 523533 5141368 2302494 6915256 222726 2512308 3802512 1019377 7843571 216364 6649911 8809897 7253727 6185555 9065582 ];

