# config: "EMA:1.1.0-APPP,ID:listener12-l,SETUP:KK1,SOUNDDEVICE:USB,SOUNDSTREAM:0,SOUNDCHANNELS:1,2"
target=0.50;discardreversals=2;startvalue=0.00;steps=[4  2  1];
threshold = [-6.25 ];
values = [0.00 -10.00 0.00 -5.00 -7.50 -8.00 -9.50 -7.00 -6.50 -4.00 -6.50 -6.00 -7.50 -6.00 -7.50 -9.00 -6.50 -6.00 -7.50 -8.00 ];
reversals = [0 1 -1 0 0 0 1 0 0 -1 1 -1 1 -1 0 1 0 -1 0 0 ];
measures = [0 0 0 0 0 0 1 1 1 1 1 1 1 1 1 1 1 1 1 1 ];
presentations = [1 2 3 4 5 6 7 8 9 10 11 12 13 14 15 16 17 18 19 20 ];
answers = [5 0 5 5 3 4 0 2 0 5 2 4 1 4 4 0 2 4 3 4 ];
adjustments = [-10 10 -5 -2.5 -0.5 -1.5 2.5 0.5 2.5 -2.5 0.5 -1.5 1.5 -1.5 -1.5 2.5 0.5 -1.5 -0.5 -1.5 ];
sentences = {'72141' '47173' '39994' '23081' '09216' '94067' '43285' '51779' '67850' '26626' '34994' '18348' '80338' '92629' '70762' '86800' '18502' '05413' '51437' '65555' };
offsets = [6354875 6381202 4353063 2245219 6672835 1209058 1432787 6945974 8564190 2288717 1179588 1365477 7360915 7231938 2215050 367194 5215280 8819174 9639614 922645 ];

