# config: "EMA:1.1.0-APPP,ID:listener12-l,SETUP:KK1,SOUNDDEVICE:USB,SOUNDSTREAM:0,SOUNDCHANNELS:1,2"
target=0.50;discardreversals=2;startvalue=0.00;steps=[4  2  1];
threshold = [7.25 ];
values = [0.00 10.00 4.00 9.00 10.50 10.00 8.50 7.00 6.50 5.00 3.50 4.00 6.50 8.00 5.50 8.00 8.50 7.00 7.50 5.00 ];
reversals = [0 -1 1 0 -1 0 0 0 0 0 1 0 0 -1 1 0 -1 1 -1 1 ];
measures = [0 0 0 0 1 1 1 1 1 1 1 1 1 1 1 1 1 1 1 1 ];
presentations = [1 2 3 4 5 6 7 8 9 10 11 12 13 14 15 16 17 18 19 20 ];
answers = [0 4 0 1 3 4 4 3 4 4 2 0 1 5 0 2 4 2 5 1 ];
adjustments = [10 -6 5 1.5 -0.5 -1.5 -1.5 -0.5 -1.5 -1.5 0.5 2.5 1.5 -2.5 2.5 0.5 -1.5 0.5 -2.5 1.5 ];
sentences = {'45923' '82487' '66553' '93692' '77974' '03262' '08168' '90790' '24318' '59026' '54841' '87470' '31601' '69009' '36514' '48835' '70287' '22336' '15149' '11755' };
offsets = [3188322 6130396 8195506 289644 1658940 5480603 8834561 3368961 3625723 6078415 6740176 4018186 3746307 5444522 407854 1116133 6914722 3283242 1019969 6707813 ];

