# config: "EMA:1.1.0-APPP,ID:listener12-l,SETUP:KK1,SOUNDDEVICE:USB,SOUNDSTREAM:0,SOUNDCHANNELS:1,2"
target=0.50;discardreversals=2;startvalue=0.00;steps=[4  2  1];
threshold = [-5.00 ];
values = [0.00 6.00 -4.00 -3.00 -2.50 -5.00 -2.50 -3.00 -3.50 -5.00 -6.50 -6.00 -5.50 -6.00 -4.50 -6.00 -5.50 -3.00 -0.50 -3.00 ];
reversals = [0 -1 1 0 -1 1 -1 0 0 0 1 0 -1 1 -1 1 0 0 -1 0 ];
measures = [0 0 0 0 1 1 1 1 1 1 1 1 1 1 1 1 1 1 1 1 ];
presentations = [1 2 3 4 5 6 7 8 9 10 11 12 13 14 15 16 17 18 19 20 ];
answers = [1 5 2 2 5 0 3 3 4 4 2 2 3 1 4 2 0 0 5 3 ];
adjustments = [6 -10 1 0.5 -2.5 2.5 -0.5 -0.5 -1.5 -1.5 0.5 0.5 -0.5 1.5 -1.5 0.5 2.5 2.5 -2.5 -0.5 ];
sentences = {'34994' '23081' '85813' '09216' '92629' '69444' '33528' '65555' '98162' '12339' '70762' '51437' '86800' '44697' '77705' '18348' '50976' '06251' '21080' '47173' };
offsets = [5609416 1842904 2325537 5664756 5207175 8327353 1642511 3628934 4114389 5684456 4584548 2264889 788066 5714027 8119374 2478899 3167707 4726307 3240573 4236730 ];

