# config: "EMA:1.1.0-APPP,ID:listener12-l,SETUP:KK1,SOUNDDEVICE:USB,SOUNDSTREAM:0,SOUNDCHANNELS:1,2"
target=0.75;minreversals=14;discardreversals=4;minmeasures=25;startvalue=20.00;steps=[4  4  2  1];
threshold = [5.00 ];
values = [20.00 16.00 12.00 8.00 8.00 8.00 8.00 4.00 4.00 4.00 4.00 16.00 12.00 10.00 8.00 6.00 6.00 6.00 6.00 6.00 4.00 4.00 4.00 4.00 4.00 2.00 2.00 8.00 8.00 7.00 7.00 6.00 5.00 5.00 4.00 4.00 7.00 7.00 6.00 6.00 6.00 6.00 6.00 5.00 5.00 4.00 4.00 3.00 6.00 6.00 6.00 5.00 8.00 8.00 8.00 8.00 7.00 7.00 6.00 5.00 4.00 4.00 7.00 7.00 6.00 6.00 6.00 6.00 6.00 5.00 4.00 7.00 7.00 7.00 7.00 7.00 7.00 6.00 6.00 6.00 6.00 5.00 5.00 5.00 5.00 5.00 4.00 7.00 7.00 7.00 6.00 6.00 6.00 6.00 6.00 5.00 5.00 5.00 4.00 4.00 4.00 ];
reversals = [0 0 0 0 0 0 0 0 0 0 1 -1 0 0 0 0 0 0 0 0 0 0 0 0 0 0 1 0 -1 0 0 0 0 0 0 1 0 -1 0 0 0 0 0 0 0 0 0 1 0 0 -1 1 0 0 0 -1 0 0 0 0 0 1 0 -1 0 0 0 0 0 0 1 0 0 0 0 0 -1 0 0 0 0 0 0 0 0 0 1 0 0 -1 0 0 0 0 0 0 0 0 0 0 1 ];
measures = [0 0 0 0 0 0 0 0 0 0 0 0 0 0 0 0 0 0 0 0 0 0 0 0 0 0 0 0 0 0 0 0 0 0 0 1 1 1 1 1 1 1 1 1 1 1 1 1 1 1 1 1 1 1 1 1 1 1 1 1 1 1 1 1 1 1 1 1 1 1 1 1 1 1 1 1 1 1 1 1 1 1 1 1 1 1 1 1 1 1 1 1 1 1 1 1 1 1 1 1 1 ];
presentations = [1 1 1 0 0 0 1 0 0 0 1 1 1 1 1 0 0 0 0 1 0 0 0 0 1 0 1 0 1 0 1 1 0 1 0 1 0 1 0 0 0 0 1 0 1 0 1 1 0 0 1 1 0 0 0 1 0 1 1 1 0 1 0 1 0 0 0 0 1 1 1 0 0 0 0 0 1 0 0 0 1 0 0 0 0 1 1 0 0 1 0 0 0 0 1 0 0 1 0 0 1 ];
answers = [1 1 1 0 0 0 1 0 0 0 0 1 1 1 1 0 0 0 0 1 0 0 0 0 1 0 0 0 1 0 1 1 0 1 0 0 0 1 0 0 0 0 1 0 1 0 1 0 0 0 1 0 0 0 0 1 0 1 1 1 0 0 0 1 0 0 0 0 1 1 0 0 0 0 0 0 1 0 0 0 1 0 0 0 0 1 0 0 0 1 0 0 0 0 1 0 0 1 0 0 0 ];
adjustments = [-4 -4 -4 0 0 0 -4 0 0 0 12 -4 -2 -2 -2 0 0 0 0 -2 0 0 0 0 -2 0 6 0 -1 0 -1 -1 0 -1 0 3 0 -1 0 0 0 0 -1 0 -1 0 -1 3 0 0 -1 3 0 0 0 -1 0 -1 -1 -1 0 3 0 -1 0 0 0 0 -1 -1 3 0 0 0 0 0 -1 0 0 0 -1 0 0 0 0 -1 3 0 0 -1 0 0 0 0 -1 0 0 -1 0 0 3 ];
offsets = [979244 1526361 3463012 294613 1135120 4718513 4535860 3339063 4030850 841016 4971540 4711797 3378384 4192062 2538789 1360063 401363 5100708 48225 4459646 212240 1067667 5074640 788956 1593144 3536787 1584951 2095911 656085 349319 2295889 5025054 3486670 1078030 2789004 259201 4078780 622374 2836556 131979 2816251 1731989 1863206 2734696 3985936 3143444 888642 4879939 1940895 178387 4442267 2576175 4633956 1109919 91011 4904455 2008022 4204072 2540371 201622 3957538 1043652 1246620 4667315 2220818 147941 4175505 1886356 1163993 3560167 3800978 4453934 2170097 4081013 3034043 1206189 4960239 4402046 5108120 1043904 2208502 3039541 1379681 1991502 2741495 2406594 1366377 1676643 4580069 1910633 915205 618926 2055438 3439664 4218402 4779995 3731204 364309 4544885 4455810 2891513 ];

