# config: "EMA:1.1.0-APPP,ID:listener12-l,SETUP:KK1,SOUNDDEVICE:USB,SOUNDSTREAM:0,SOUNDCHANNELS:1,2"
target=0.75;minreversals=14;discardreversals=4;minmeasures=25;startvalue=20.00;steps=[4  4  2  1];
threshold = [7.00 ];
values = [20.00 32.00 28.00 24.00 20.00 20.00 16.00 12.00 8.00 8.00 4.00 4.00 16.00 16.00 14.00 14.00 13.00 12.00 11.00 11.00 10.00 10.00 10.00 9.00 8.00 7.00 6.00 6.00 6.00 6.00 9.00 8.00 7.00 7.00 10.00 9.00 9.00 8.00 8.00 8.00 7.00 7.00 6.00 6.00 6.00 6.00 6.00 6.00 5.00 8.00 8.00 8.00 7.00 7.00 6.00 9.00 9.00 9.00 9.00 8.00 7.00 7.00 6.00 6.00 5.00 5.00 5.00 5.00 8.00 8.00 7.00 6.00 5.00 5.00 4.00 4.00 4.00 4.00 4.00 4.00 7.00 6.00 5.00 5.00 ];
reversals = [0 -1 0 0 0 0 0 0 0 0 0 1 0 -1 0 0 0 0 0 0 0 0 0 0 0 0 0 0 0 1 -1 0 0 1 -1 0 0 0 0 0 0 0 0 0 0 0 0 0 1 0 0 -1 0 0 1 0 0 0 -1 0 0 0 0 0 0 0 0 1 0 -1 0 0 0 0 0 0 0 0 0 1 -1 0 0 1 ];
measures = [0 0 0 0 0 0 0 0 0 0 0 0 0 0 0 0 0 0 0 0 0 0 0 0 0 0 0 0 0 0 1 1 1 1 1 1 1 1 1 1 1 1 1 1 1 1 1 1 1 1 1 1 1 1 1 1 1 1 1 1 1 1 1 1 1 1 1 1 1 1 1 1 1 1 1 1 1 1 1 1 1 1 1 1 ];
presentations = [1 1 1 1 0 1 1 1 0 1 0 1 0 1 0 1 1 1 0 1 0 0 1 1 1 1 0 0 0 1 1 1 0 1 1 0 1 0 0 1 0 1 0 0 0 0 0 1 1 0 0 1 0 1 1 0 0 0 1 1 0 1 0 1 0 0 0 1 0 1 1 1 0 1 0 0 0 0 0 1 1 1 0 1 ];
answers = [0 1 1 1 0 1 1 1 0 1 0 0 0 1 0 1 1 1 0 1 0 0 1 1 1 1 0 0 0 0 1 1 0 0 1 0 1 0 0 1 0 1 0 0 0 0 0 1 0 0 0 1 0 1 0 0 0 0 1 1 0 1 0 1 0 0 0 0 0 1 1 1 0 1 0 0 0 0 0 0 1 1 0 0 ];
adjustments = [12 -4 -4 -4 0 -4 -4 -4 0 -4 0 12 0 -2 0 -1 -1 -1 0 -1 0 0 -1 -1 -1 -1 0 0 0 3 -1 -1 0 3 -1 0 -1 0 0 -1 0 -1 0 0 0 0 0 -1 3 0 0 -1 0 -1 3 0 0 0 -1 -1 0 -1 0 -1 0 0 0 3 0 -1 -1 -1 0 -1 0 0 0 0 0 3 -1 -1 0 3 ];
offsets = [4380791 2635734 1263342 2010442 1190156 2138045 3596918 3218828 4622206 3844987 331103 975091 3355799 4455510 1139944 3895739 1122521 4005612 1913174 2618833 5084248 2347621 237463 1817985 1350690 3462368 5119947 881758 2406864 75152 450007 5251154 442755 2652011 4086121 533179 613482 4374684 1908867 3783430 4777102 2334115 377494 176933 340980 91762 3545421 2779640 2823729 3509714 2758014 3121758 1431227 749180 1714660 1309134 1664047 3557212 2712928 4831292 3827216 2057225 1203978 3755582 3178344 4958391 4432523 3850415 1611575 1952733 2648604 2897686 3773319 3247032 409064 281959 391107 3617836 3942479 4043305 4177950 2894669 1929023 1690416 ];

