# config: "EMA:1.1.0-APPP,ID:listener12-l,SETUP:KK1,SOUNDDEVICE:USB,SOUNDSTREAM:0,SOUNDCHANNELS:1,2"
target=0.75;minreversals=14;discardreversals=4;minmeasures=25;startvalue=20.00;steps=[4  4  2  1];
threshold = [9.50 ];
values = [20.00 16.00 12.00 8.00 8.00 8.00 20.00 16.00 16.00 16.00 16.00 14.00 12.00 12.00 10.00 8.00 6.00 4.00 10.00 9.00 8.00 7.00 10.00 9.00 9.00 12.00 12.00 11.00 11.00 10.00 10.00 10.00 9.00 12.00 12.00 11.00 11.00 11.00 10.00 10.00 10.00 9.00 8.00 8.00 8.00 8.00 8.00 7.00 6.00 5.00 4.00 4.00 4.00 4.00 7.00 10.00 9.00 9.00 12.00 12.00 12.00 11.00 11.00 11.00 10.00 9.00 9.00 9.00 9.00 9.00 9.00 9.00 9.00 8.00 11.00 11.00 11.00 11.00 ];
reversals = [0 0 0 0 0 1 -1 0 0 0 0 0 0 0 0 0 0 1 -1 0 0 1 -1 0 1 0 -1 0 0 0 0 0 1 0 -1 0 0 0 0 0 0 0 0 0 0 0 0 0 0 0 0 0 0 1 0 -1 0 1 0 0 -1 0 0 0 0 0 0 0 0 0 0 0 0 1 0 0 0 -1 ];
measures = [0 0 0 0 0 0 0 0 0 0 0 0 0 0 0 0 0 0 0 0 0 1 1 1 1 1 1 1 1 1 1 1 1 1 1 1 1 1 1 1 1 1 1 1 1 1 1 1 1 1 1 1 1 1 1 1 1 1 1 1 1 1 1 1 1 1 1 1 1 1 1 1 1 1 1 1 1 1 ];
presentations = [1 1 1 0 0 1 1 0 0 0 1 1 0 1 1 1 1 1 1 1 1 1 1 0 1 0 1 0 1 0 0 1 1 0 1 0 0 1 0 0 1 1 0 0 0 0 1 1 1 1 0 0 0 1 1 1 0 1 0 0 1 0 0 1 1 0 0 0 0 0 0 0 1 1 0 0 0 1 ];
answers = [1 1 1 0 0 0 1 0 0 0 1 1 0 1 1 1 1 0 1 1 1 0 1 0 0 0 1 0 1 0 0 1 0 0 1 0 0 1 0 0 1 1 0 0 0 0 1 1 1 1 0 0 0 0 0 1 0 0 0 0 1 0 0 1 1 0 0 0 0 0 0 0 1 0 0 0 0 1 ];
adjustments = [-4 -4 -4 0 0 12 -4 0 0 0 -2 -2 0 -2 -2 -2 -2 6 -1 -1 -1 3 -1 0 3 0 -1 0 -1 0 0 -1 3 0 -1 0 0 -1 0 0 -1 -1 0 0 0 0 -1 -1 -1 -1 0 0 0 3 3 -1 0 3 0 0 -1 0 0 -1 -1 0 0 0 0 0 0 0 -1 3 0 0 0 -1 ];
offsets = [3336805 508605 1942393 2798491 4072666 1551922 4173688 487701 1839729 263295 1462248 1005057 2617639 251389 1474998 4844025 4324181 4882933 3311539 3482465 2575542 4110292 5255472 5245170 734565 1597496 2279376 5252035 536417 1314022 180002 2516830 1154198 1188987 2144573 4502193 2545096 3782493 1036227 2654505 1801998 3598662 4620711 852675 1200292 489372 4201753 3079220 1031578 2330966 2957816 4957279 663814 3952047 3220743 1935722 4830383 1792125 1775589 1652656 2890434 4462777 2593785 394098 1257892 4141528 4864087 942417 3452801 2949427 4425112 3558689 2698050 1511142 2011439 3982893 3509043 4551895 ];

