# config: "EMA:1.1.0-APPP,ID:listener12-l,SETUP:KK1,SOUNDDEVICE:USB,SOUNDSTREAM:0,SOUNDCHANNELS:1,2"
target=0.75;minreversals=14;discardreversals=4;minmeasures=25;startvalue=20.00;steps=[4  4  2  1];
threshold = [5.50 ];
values = [20.00 32.00 28.00 24.00 20.00 20.00 16.00 16.00 16.00 16.00 12.00 12.00 12.00 8.00 4.00 4.00 16.00 16.00 16.00 14.00 14.00 13.00 13.00 12.00 12.00 11.00 11.00 10.00 9.00 8.00 8.00 7.00 6.00 6.00 9.00 9.00 9.00 9.00 9.00 9.00 9.00 9.00 9.00 8.00 7.00 6.00 6.00 5.00 5.00 8.00 8.00 7.00 6.00 5.00 4.00 7.00 7.00 6.00 5.00 5.00 4.00 4.00 3.00 3.00 3.00 6.00 9.00 8.00 8.00 7.00 7.00 7.00 7.00 6.00 6.00 6.00 6.00 5.00 4.00 4.00 3.00 6.00 6.00 6.00 5.00 ];
reversals = [0 -1 0 0 0 0 0 0 0 0 0 0 0 0 0 1 0 0 -1 0 0 0 0 0 0 0 0 0 0 0 0 0 0 1 0 0 0 0 0 0 0 0 -1 0 0 0 0 0 1 0 -1 0 0 0 1 0 -1 0 0 0 0 0 0 0 1 0 -1 0 0 0 0 0 0 0 0 0 0 0 0 0 1 0 0 -1 1 ];
measures = [0 0 0 0 0 0 0 0 0 0 0 0 0 0 0 0 0 0 0 0 0 0 0 0 0 0 0 0 0 0 0 0 0 0 0 0 0 0 0 0 0 0 1 1 1 1 1 1 1 1 1 1 1 1 1 1 1 1 1 1 1 1 1 1 1 1 1 1 1 1 1 1 1 1 1 1 1 1 1 1 1 1 1 1 1 ];
presentations = [1 1 1 1 0 1 0 0 0 1 0 0 1 1 0 1 0 0 1 0 1 0 1 0 1 0 1 1 1 0 1 1 0 1 0 0 0 0 0 0 0 0 1 1 1 0 1 0 1 0 1 1 1 1 1 0 1 1 0 1 0 1 0 0 1 1 1 0 1 0 0 0 1 0 0 0 1 1 0 1 1 0 0 1 1 ];
answers = [0 1 1 1 0 1 0 0 0 1 0 0 1 1 0 0 0 0 1 0 1 0 1 0 1 0 1 1 1 0 1 1 0 0 0 0 0 0 0 0 0 0 1 1 1 0 1 0 0 0 1 1 1 1 0 0 1 1 0 1 0 1 0 0 0 0 1 0 1 0 0 0 1 0 0 0 1 1 0 1 0 0 0 1 0 ];
adjustments = [12 -4 -4 -4 0 -4 0 0 0 -4 0 0 -4 -4 0 12 0 0 -2 0 -1 0 -1 0 -1 0 -1 -1 -1 0 -1 -1 0 3 0 0 0 0 0 0 0 0 -1 -1 -1 0 -1 0 3 0 -1 -1 -1 -1 3 0 -1 -1 0 -1 0 -1 0 0 3 3 -1 0 -1 0 0 0 -1 0 0 0 -1 -1 0 -1 3 0 0 -1 3 ];
offsets = [2809483 3668587 2181572 5061324 1020402 1237288 3813956 1230436 2065008 5077502 1643588 1545466 1767154 1015538 1054467 4706865 2892456 2866651 2656637 2755763 3176801 3453092 2033251 3262050 1992750 2615933 1622299 865664 2757146 2000471 694361 2555404 1269366 5205665 2886568 4995891 56817 1569044 2506766 4655891 592815 2050342 4102876 2079621 3579852 923047 698693 492675 591251 4790876 4612318 4822916 295390 3831908 4525390 2324009 3885537 543879 972288 5147118 1537264 2472528 2988823 5171929 2526865 4138102 4681272 4324450 75832 4738857 238913 4747423 123784 2464339 4242418 4037467 595227 2920924 640433 4597279 4386072 56460 81005 2950439 2879900 ];

