# config: "EMA:1.1.0-APPP,ID:listener12-l,SETUP:KK1,SOUNDDEVICE:USB,SOUNDSTREAM:0,SOUNDCHANNELS:1,2"
target=0.75;minreversals=14;discardreversals=4;minmeasures=25;startvalue=20.00;steps=[4  4  2  1];
threshold = [17.00 ];
values = [20.00 32.00 28.00 24.00 20.00 16.00 12.00 12.00 24.00 22.00 22.00 22.00 22.00 21.00 21.00 21.00 20.00 20.00 19.00 19.00 18.00 18.00 18.00 17.00 17.00 17.00 16.00 15.00 14.00 14.00 14.00 17.00 17.00 16.00 16.00 16.00 15.00 15.00 18.00 17.00 16.00 16.00 15.00 18.00 18.00 17.00 17.00 16.00 16.00 15.00 18.00 18.00 17.00 17.00 16.00 15.00 18.00 17.00 16.00 15.00 15.00 15.00 18.00 18.00 17.00 17.00 17.00 17.00 16.00 19.00 19.00 19.00 19.00 18.00 17.00 ];
reversals = [0 -1 0 0 0 0 0 1 -1 0 0 0 0 0 0 0 0 0 0 0 0 0 0 0 0 0 0 0 0 0 1 0 -1 0 0 0 0 1 -1 0 0 0 1 0 -1 0 0 0 0 1 0 -1 0 0 0 1 -1 0 0 0 0 1 0 -1 0 0 0 0 1 0 0 0 -1 0 0 ];
measures = [0 0 0 0 0 0 0 0 0 0 0 0 0 0 0 0 0 0 0 0 0 0 0 0 0 0 0 0 0 0 0 0 1 1 1 1 1 1 1 1 1 1 1 1 1 1 1 1 1 1 1 1 1 1 1 1 1 1 1 1 1 1 1 1 1 1 1 1 1 1 1 1 1 1 1 ];
presentations = [1 1 1 1 1 1 0 1 1 0 0 0 1 0 0 1 0 1 0 1 0 0 1 0 0 1 1 1 0 0 1 0 1 0 0 1 0 1 1 1 0 1 1 0 1 0 1 0 1 1 0 1 0 1 1 1 1 1 1 0 0 1 0 1 0 0 0 1 1 0 0 0 1 1 1 ];
answers = [0 1 1 1 1 1 0 0 1 0 0 0 1 0 0 1 0 1 0 1 0 0 1 0 0 1 1 1 0 0 0 0 1 0 0 1 0 0 1 1 0 1 0 0 1 0 1 0 1 0 0 1 0 1 1 0 1 1 1 0 0 0 0 1 0 0 0 1 0 0 0 0 1 1 1 ];
adjustments = [12 -4 -4 -4 -4 -4 0 12 -2 0 0 0 -1 0 0 -1 0 -1 0 -1 0 0 -1 0 0 -1 -1 -1 0 0 3 0 -1 0 0 -1 0 3 -1 -1 0 -1 3 0 -1 0 -1 0 -1 3 0 -1 0 -1 -1 3 -1 -1 -1 0 0 3 0 -1 0 0 0 -1 3 0 0 0 -1 -1 -1 ];
offsets = [4594847 2763023 3164031 4192871 95365 1772044 3897267 4386439 737842 4919254 4718899 1878440 2604653 4745922 2104083 4887976 4056887 2476044 4049052 1575143 3392687 1391031 3901852 3463466 4848951 2850494 559819 1831157 4730463 2269027 961087 4653621 1007031 1019863 1933515 2263436 3513370 3554096 880251 3768019 4294962 1686341 3686735 1836056 1930247 4066179 3281452 4559379 3718303 731783 3898683 1298944 4960806 1608958 3190820 2859067 2117953 4265875 2740123 4313231 4091423 1041850 2620955 2792521 1734377 4022731 3436473 3838189 584128 641083 2893767 3751429 2410958 4384447 5204529 ];

