# config: "EMA:1.1.0-APPP,ID:listener21-l,SETUP:KK1,SOUNDDEVICE:USB,SOUNDSTREAM:0,SOUNDCHANNELS:1,2"
target=0.50;discardreversals=2;startvalue=0.00;steps=[4  2  1];
threshold = [6.50 ];
values = [0.00 10.00 8.00 3.00 -2.00 3.00 5.50 7.00 9.50 7.00 4.50 3.00 2.50 5.00 6.50 4.00 5.50 6.00 8.50 6.00 ];
reversals = [0 -1 0 0 1 0 0 0 -1 0 0 0 1 0 -1 1 0 0 -1 0 ];
measures = [0 0 0 0 0 0 0 0 1 1 1 1 1 1 1 1 1 1 1 1 ];
presentations = [1 2 3 4 5 6 7 8 9 10 11 12 13 14 15 16 17 18 19 20 ];
answers = [0 3 5 5 0 0 1 0 5 5 4 3 0 1 5 1 2 0 5 5 ];
adjustments = [10 -2 -5 -5 5 2.5 1.5 2.5 -2.5 -2.5 -1.5 -0.5 2.5 1.5 -2.5 1.5 0.5 2.5 -2.5 -2.5 ];
sentences = {'03676' '68271' '76600' '87713' '89364' '15952' '91451' '14040' '90013' '23448' '48832' '70565' '44529' '51195' '52988' '66127' '29394' '02737' '37886' '35209' };
offsets = [8370030 636150 5584799 1909328 7598734 1872159 3385278 1126370 1125010 2268484 6583892 4991694 3484524 1821374 6180186 7411086 7973651 2707338 1343117 948137 ];

