# config: "EMA:1.1.0-APPP,ID:listener21-l,SETUP:KK1,SOUNDDEVICE:USB,SOUNDSTREAM:0,SOUNDCHANNELS:1,2"
target=0.50;discardreversals=2;startvalue=0.00;steps=[4  2  1];
threshold = [-16.25 ];
values = [0.00 -10.00 -20.00 -10.00 -15.00 -14.50 -14.00 -16.50 -14.00 -16.50 -18.00 -18.50 -17.00 -16.50 -16.00 -16.50 -19.00 -19.50 -17.00 -19.50 ];
reversals = [0 0 1 -1 1 0 -1 1 -1 0 0 1 0 0 -1 0 0 1 -1 0 ];
measures = [0 0 0 0 1 1 1 1 1 1 1 1 1 1 1 1 1 1 1 1 ];
presentations = [1 2 3 4 5 6 7 8 9 10 11 12 13 14 15 16 17 18 19 20 ];
answers = [5 5 0 5 2 2 5 0 5 4 3 1 2 2 3 5 3 0 5 3 ];
adjustments = [-10 -10 10 -5 0.5 0.5 -2.5 2.5 -2.5 -1.5 -0.5 1.5 0.5 0.5 -0.5 -2.5 -0.5 2.5 -2.5 -0.5 ];
sentences = {'86800' '70762' '33528' '69444' '34994' '06251' '92629' '44697' '65555' '12339' '21080' '51437' '50976' '23081' '09216' '85813' '47173' '18348' '98162' '77705' };
offsets = [6622241 577900 6320839 3700586 1163337 4311561 1832672 2490035 3746875 1128957 3636903 1291443 4367971 4712947 2691847 837492 1614094 3135955 5801141 3085913 ];

