# config: "EMA:1.1.0-APPP,ID:listener21-l,SETUP:KK1,SOUNDDEVICE:USB,SOUNDSTREAM:0,SOUNDCHANNELS:1,2"
target=0.50;discardreversals=2;startvalue=0.00;steps=[4  2  1];
threshold = [3.75 ];
values = [0.00 10.00 4.00 -1.00 4.00 3.50 6.00 5.50 4.00 1.50 4.00 2.50 0.00 2.50 5.00 7.50 10.00 8.50 6.00 3.50 ];
reversals = [0 -1 0 1 -1 1 -1 0 0 1 -1 0 1 0 0 0 -1 0 0 1 ];
measures = [0 0 0 0 1 1 1 1 1 1 1 1 1 1 1 1 1 1 1 1 ];
presentations = [1 2 3 4 5 6 7 8 9 10 11 12 13 14 15 16 17 18 19 20 ];
answers = [0 4 5 0 3 0 3 4 5 0 4 5 0 0 0 0 4 5 5 1 ];
adjustments = [10 -6 -5 5 -0.5 2.5 -0.5 -1.5 -2.5 2.5 -1.5 -2.5 2.5 2.5 2.5 2.5 -1.5 -2.5 -2.5 1.5 ];
sentences = {'43285' '72141' '05413' '51779' '82487' '03262' '59026' '48835' '24318' '18502' '90790' '39994' '15149' '31601' '80338' '66553' '94067' '67850' '77974' '26626' };
offsets = [6399863 7138259 1127616 6913024 9481936 9512270 2106801 5878784 2450385 5749739 7546222 9017016 8432190 9015296 6087280 7504343 7178926 240999 4854763 4117101 ];

