# config: "EMA:1.1.0-APPP,ID:listener21-l,SETUP:KK1,SOUNDDEVICE:USB,SOUNDSTREAM:0,SOUNDCHANNELS:1,2"
target=0.50;discardreversals=2;startvalue=0.00;steps=[4  2  1];
threshold = [-1.00 ];
values = [0.00 6.00 -4.00 1.00 -1.50 1.00 -1.50 -1.00 -2.50 0.00 -2.50 0.00 -2.50 -3.00 -1.50 0.00 -2.50 -3.00 -2.50 0.00 ];
reversals = [0 -1 1 -1 1 -1 1 -1 1 -1 1 -1 0 1 0 -1 0 1 0 -1 ];
measures = [0 0 0 1 1 1 1 1 1 1 1 1 1 1 1 1 1 1 1 1 ];
presentations = [1 2 3 4 5 6 7 8 9 10 11 12 13 14 15 16 17 18 19 20 ];
answers = [1 5 0 5 0 5 2 4 0 5 0 5 3 1 1 5 3 2 0 5 ];
adjustments = [6 -10 5 -2.5 2.5 -2.5 0.5 -1.5 2.5 -2.5 2.5 -2.5 -0.5 1.5 1.5 -2.5 -0.5 0.5 2.5 -2.5 ];
sentences = {'66127' '03676' '90013' '44529' '51195' '91451' '76600' '02737' '52988' '89364' '37886' '23448' '35209' '68271' '70565' '29394' '87713' '48832' '14040' '15952' };
offsets = [7286408 397071 3349598 8169714 7853322 721470 251908 1055703 2274340 5126456 8551345 5179580 8531718 8231238 4903329 4137749 5568030 7894615 3972853 4885816 ];

