# config: "EMA:1.1.0-APPP,ID:listener21-l,SETUP:KK1,SOUNDDEVICE:USB,SOUNDSTREAM:0,SOUNDCHANNELS:1,2"
target=0.50;discardreversals=2;startvalue=0.00;steps=[4  2  1];
threshold = [-22.00 ];
values = [0.00 -10.00 -16.00 -26.00 -16.00 -21.00 -18.50 -21.00 -22.50 -23.00 -21.50 -20.00 -19.50 -22.00 -21.50 -22.00 -20.50 -23.00 -22.50 -25.00 ];
reversals = [0 0 0 1 -1 1 -1 0 0 1 0 0 -1 1 -1 1 -1 1 -1 1 ];
measures = [0 0 0 0 0 1 1 1 1 1 1 1 1 1 1 1 1 1 1 1 ];
presentations = [1 2 3 4 5 6 7 8 9 10 11 12 13 14 15 16 17 18 19 20 ];
answers = [5 4 5 0 5 0 5 4 3 1 1 2 5 2 3 1 5 2 5 0 ];
adjustments = [-10 -6 -10 10 -5 2.5 -2.5 -1.5 -0.5 1.5 1.5 0.5 -2.5 0.5 -0.5 1.5 -2.5 0.5 -2.5 2.5 ];
sentences = {'03262' '26626' '94067' '59026' '24318' '67850' '05413' '80338' '66553' '51779' '18502' '82487' '90790' '48835' '77974' '43285' '31601' '39994' '72141' '15149' };
offsets = [4403976 7176930 2316391 6506421 5496476 131528 7278848 3649382 648242 367871 4952566 4504193 5400398 3861584 2391414 2251327 3685713 6549209 1889423 5008545 ];

