# config: "EMA:1.1.0-APPP,ID:listener21-l,SETUP:KK1,SOUNDDEVICE:USB,SOUNDSTREAM:0,SOUNDCHANNELS:1,2"
target=0.50;discardreversals=2;startvalue=0.00;steps=[4  2  1];
threshold = [5.50 ];
values = [0.00 10.00 0.00 5.00 6.50 9.00 6.50 6.00 4.50 3.00 0.50 2.00 0.50 3.00 5.50 7.00 4.50 7.00 6.50 7.00 ];
reversals = [0 -1 1 0 0 -1 0 0 0 0 1 -1 1 0 0 -1 1 -1 1 0 ];
measures = [0 0 0 0 0 1 1 1 1 1 1 1 1 1 1 1 1 1 1 1 ];
presentations = [1 2 3 4 5 6 7 8 9 10 11 12 13 14 15 16 17 18 19 20 ];
answers = [0 5 0 1 0 5 3 4 4 5 1 4 0 0 1 5 0 3 2 2 ];
adjustments = [10 -10 5 1.5 2.5 -2.5 -0.5 -1.5 -1.5 -2.5 1.5 -1.5 2.5 2.5 1.5 -2.5 2.5 -0.5 0.5 0.5 ];
sentences = {'59026' '47173' '70762' '34994' '82487' '66553' '23081' '48835' '65555' '86800' '15149' '77974' '90790' '92629' '09216' '24318' '31601' '03262' '18348' '51437' };
offsets = [318603 2030123 8545219 3718212 8440731 3221014 4259528 2895501 6668458 4097034 7282846 3420370 713565 7703763 7059010 5415454 2457575 1361306 627402 8537553 ];

