# config: "EMA:1.1.0-APPP,ID:listener21-l,SETUP:KK1,SOUNDDEVICE:USB,SOUNDSTREAM:0,SOUNDCHANNELS:1,2"
target=0.50;discardreversals=2;startvalue=0.00;steps=[4  2  1];
threshold = [4.75 ];
values = [0.00 10.00 0.00 5.00 3.50 1.00 3.50 6.00 5.50 5.00 4.50 5.00 5.50 3.00 5.50 3.00 3.50 6.00 6.50 4.00 ];
reversals = [0 -1 1 -1 0 1 0 -1 0 0 1 0 -1 1 -1 1 0 0 -1 1 ];
measures = [0 0 0 1 1 1 1 1 1 1 1 1 1 1 1 1 1 1 1 1 ];
presentations = [1 2 3 4 5 6 7 8 9 10 11 12 13 14 15 16 17 18 19 20 ];
answers = [0 5 0 4 5 0 0 3 3 3 2 2 5 0 5 2 0 2 5 0 ];
adjustments = [10 -10 5 -1.5 -2.5 2.5 2.5 -0.5 -0.5 -0.5 0.5 0.5 -2.5 2.5 -2.5 0.5 2.5 0.5 -2.5 2.5 ];
sentences = {'51779' '24621' '72141' '05413' '18314' '61793' '80338' '89135' '67850' '33980' '47048' '95569' '94067' '76802' '43285' '52277' '18502' '00456' '39994' '26626' };
offsets = [6173016 8327518 5526960 981124 745991 1611550 7127852 157819 5799833 8915417 9688724 9331931 7004096 2467869 125019 9776610 4214883 7596332 816277 2694368 ];

