# config: "EMA:1.1.0-APPP,ID:listener21-l,SETUP:KK1,SOUNDDEVICE:USB,SOUNDSTREAM:0,SOUNDCHANNELS:1,2"
target=0.50;discardreversals=2;startvalue=0.00;steps=[4  2  1];
threshold = [-19.25 ];
values = [0.00 -10.00 -20.00 -26.00 -16.00 -21.00 -18.50 -20.00 -18.50 -21.00 -18.50 -21.00 -22.50 -20.00 -17.50 -18.00 -20.50 -21.00 -21.50 -23.00 ];
reversals = [0 0 0 1 -1 1 -1 1 -1 1 -1 0 1 0 -1 0 0 0 0 0 ];
measures = [0 0 0 0 0 1 1 1 1 1 1 1 1 1 1 1 1 1 1 1 ];
presentations = [1 2 3 4 5 6 7 8 9 10 11 12 13 14 15 16 17 18 19 20 ];
answers = [5 5 4 0 5 0 4 1 5 0 5 4 0 0 3 5 3 3 4 5 ];
adjustments = [-10 -10 -6 10 -5 2.5 -1.5 1.5 -2.5 2.5 -2.5 -1.5 2.5 2.5 -0.5 -2.5 -0.5 -0.5 -1.5 -2.5 ];
sentences = {'47173' '18348' '92629' '09216' '63558' '82009' '78835' '34994' '51417' '34226' '65555' '46393' '86800' '07970' '23081' '10681' '51437' '29744' '95162' '70762' };
offsets = [3080266 1767735 1941520 3733127 6684203 7228658 4263330 2307823 2038425 4405057 1675621 918286 6282256 3125560 6745377 27195 1055678 6324972 1577539 2996042 ];

