# config: "EMA:1.1.0-APPP,ID:listener21-l,SETUP:KK1,SOUNDDEVICE:USB,SOUNDSTREAM:0,SOUNDCHANNELS:1,2"
target=0.50;discardreversals=2;startvalue=0.00;steps=[4  2  1];
threshold = [4.50 ];
values = [0.00 10.00 0.00 5.00 6.50 4.00 5.50 3.00 4.50 4.00 2.50 5.00 5.50 3.00 1.50 4.00 6.50 4.00 3.50 6.00 ];
reversals = [0 -1 1 0 -1 1 -1 1 -1 0 1 0 -1 0 1 0 -1 0 1 -1 ];
measures = [0 0 0 0 1 1 1 1 1 1 1 1 1 1 1 1 1 1 1 1 ];
presentations = [1 2 3 4 5 6 7 8 9 10 11 12 13 14 15 16 17 18 19 20 ];
answers = [0 5 0 1 5 1 5 1 3 4 0 2 5 4 0 0 5 3 0 3 ];
adjustments = [10 -10 5 1.5 -2.5 1.5 -2.5 1.5 -0.5 -1.5 2.5 0.5 -2.5 -1.5 2.5 2.5 -2.5 -0.5 2.5 -0.5 ];
sentences = {'95162' '37886' '68271' '51195' '34226' '90013' '15952' '51417' '23448' '10681' '46393' '29744' '07970' '82009' '44529' '02737' '78835' '63558' '89364' '76600' };
offsets = [5294112 1494558 2557206 619716 6297121 2448349 5890171 2514428 6520948 3252396 4545097 6029612 4597870 5586976 6077443 3995103 5255507 3233796 8381736 1017731 ];

