# config: "EMA:1.1.0-APPP,ID:listener21-l,SETUP:KK1,SOUNDDEVICE:USB,SOUNDSTREAM:0,SOUNDCHANNELS:1,2"
target=0.50;discardreversals=2;startvalue=0.00;steps=[4  2  1];
threshold = [2.75 ];
values = [0.00 10.00 0.00 5.00 7.50 6.00 4.50 2.00 3.50 5.00 3.50 6.00 4.50 2.00 4.50 3.00 0.50 -1.00 1.50 0.00 ];
reversals = [0 -1 1 0 -1 0 0 1 0 -1 1 -1 0 1 -1 0 0 1 -1 1 ];
measures = [0 0 0 0 1 1 1 1 1 1 1 1 1 1 1 1 1 1 1 1 ];
presentations = [1 2 3 4 5 6 7 8 9 10 11 12 13 14 15 16 17 18 19 20 ];
answers = [0 5 0 0 4 4 5 1 1 4 0 4 5 0 4 5 4 0 4 0 ];
adjustments = [10 -10 5 2.5 -1.5 -1.5 -2.5 1.5 1.5 -1.5 2.5 -1.5 -2.5 2.5 -1.5 -2.5 -1.5 2.5 -1.5 2.5 ];
sentences = {'95569' '52277' '24318' '90790' '31601' '47048' '66553' '24621' '77974' '03262' '00456' '82487' '59026' '33980' '48835' '18314' '89135' '15149' '76802' '61793' };
offsets = [7344794 5822920 3372731 3313184 1049673 1627489 6234690 6983395 88524 1657681 435073 999742 3403358 4620018 2324927 5731377 3366090 79071 5212198 4817674 ];

