# config: "EMA:1.1.0-APPP,ID:listener21-l,SETUP:KK1,SOUNDDEVICE:USB,SOUNDSTREAM:0,SOUNDCHANNELS:1,2"
target=0.50;discardreversals=2;startvalue=0.00;steps=[4  2  1];
threshold = [-1.00 ];
values = [0.00 2.00 0.00 1.00 -0.50 -2.00 0.50 -2.00 -4.50 -3.00 -1.50 -1.00 -1.50 0.00 -0.50 -3.00 -2.50 -1.00 0.50 1.00 ];
reversals = [0 -1 1 -1 0 1 -1 0 1 0 0 -1 1 -1 0 1 0 0 0 -1 ];
measures = [0 0 0 1 1 1 1 1 1 1 1 1 1 1 1 1 1 1 1 1 ];
presentations = [1 2 3 4 5 6 7 8 9 10 11 12 13 14 15 16 17 18 19 20 ];
answers = [2 3 2 4 4 0 5 5 1 1 2 3 1 3 5 2 1 1 2 3 ];
adjustments = [2 -2 1 -1.5 -1.5 2.5 -2.5 -2.5 1.5 1.5 0.5 -0.5 1.5 -0.5 -2.5 0.5 1.5 1.5 0.5 -0.5 ];
sentences = {'76802' '80338' '89135' '47048' '33980' '05413' '24621' '94067' '26626' '61793' '18502' '67850' '95569' '72141' '18314' '52277' '39994' '51779' '00456' '43285' };
offsets = [4006875 8710126 7753667 34823 2635531 8314401 8000376 4242389 754095 9173833 394184 9008688 7937935 5340943 3556153 4614933 6071549 2465363 2951344 511979 ];

