# config: "EMA:1.1.0-APPP,ID:listener21-l,SETUP:KK1,SOUNDDEVICE:USB,SOUNDSTREAM:0,SOUNDCHANNELS:1,2"
target=0.50;discardreversals=2;startvalue=0.00;steps=[4  2  1];
threshold = [7.00 ];
values = [0.00 10.00 0.00 5.00 4.50 7.00 5.50 4.00 6.50 8.00 7.50 8.00 5.50 4.00 3.50 1.00 3.50 6.00 7.50 5.00 ];
reversals = [0 -1 1 -1 1 -1 0 1 0 -1 1 -1 0 0 0 1 0 0 -1 0 ];
measures = [0 0 0 1 1 1 1 1 1 1 1 1 1 1 1 1 1 1 1 1 ];
presentations = [1 2 3 4 5 6 7 8 9 10 11 12 13 14 15 16 17 18 19 20 ];
answers = [0 5 0 3 0 4 4 0 1 3 2 5 4 3 5 0 0 1 5 5 ];
adjustments = [10 -10 5 -0.5 2.5 -1.5 -1.5 2.5 1.5 -0.5 0.5 -2.5 -1.5 -0.5 -2.5 2.5 2.5 1.5 -2.5 -2.5 ];
sentences = {'69444' '65555' '44697' '50976' '85813' '34994' '23081' '12339' '09216' '21080' '06251' '77705' '18348' '70762' '98162' '86800' '33528' '51437' '47173' '92629' };
offsets = [6825743 6002316 77248 4405667 5202531 927009 1331317 7679654 4745778 4433993 4201248 7140248 3204284 471739 5020354 8124768 7537458 334306 5105738 7919272 ];

