# config: "EMA:1.1.0-APPP,ID:listener21-l,SETUP:KK1,SOUNDDEVICE:USB,SOUNDSTREAM:0,SOUNDCHANNELS:1,2"
target=0.50;discardreversals=2;startvalue=0.00;steps=[4  2  1];
threshold = [-3.50 ];
values = [0.00 2.00 -4.00 -3.00 -5.50 -4.00 -5.50 -3.00 -3.50 -3.00 -3.50 -6.00 -4.50 -5.00 -2.50 -1.00 -2.50 -2.00 -0.50 -3.00 ];
reversals = [0 -1 1 -1 1 -1 1 -1 1 -1 0 1 -1 1 0 -1 1 0 -1 0 ];
measures = [0 0 0 1 1 1 1 1 1 1 1 1 1 1 1 1 1 1 1 1 ];
presentations = [1 2 3 4 5 6 7 8 9 10 11 12 13 14 15 16 17 18 19 20 ];
answers = [2 4 2 5 1 4 0 3 2 3 5 1 3 0 1 4 2 1 5 4 ];
adjustments = [2 -6 1 -2.5 1.5 -1.5 2.5 -0.5 0.5 -0.5 -2.5 1.5 -0.5 2.5 1.5 -1.5 0.5 1.5 -2.5 -1.5 ];
sentences = {'24318' '77974' '87713' '52988' '29394' '14040' '48832' '66553' '70565' '82487' '15149' '03262' '35209' '90790' '31601' '48835' '03676' '91451' '66127' '59026' };
offsets = [7720410 4471992 6889013 655319 4852971 5208366 6190623 4712693 4141125 7694378 3592762 1058270 4689861 7715231 534060 6051969 1372061 2799391 3581175 8064383 ];

