# config: "EMA:1.1.0-APPP,ID:listener21-l,SETUP:KK1,SOUNDDEVICE:USB,SOUNDSTREAM:0,SOUNDCHANNELS:1,2"
target=0.50;discardreversals=2;startvalue=0.00;steps=[4  2  1];
threshold = [-2.00 ];
values = [0.00 -10.00 -12.00 -2.00 -3.00 -3.50 -6.00 -3.50 -4.00 -2.50 -2.00 -2.50 -2.00 0.50 3.00 2.50 0.00 0.50 -2.00 -0.50 ];
reversals = [0 0 1 -1 0 0 1 -1 1 0 -1 1 0 0 -1 0 1 -1 1 -1 ];
measures = [0 0 0 0 0 0 1 1 1 1 1 1 1 1 1 1 1 1 1 1 ];
presentations = [1 2 3 4 5 6 7 8 9 10 11 12 13 14 15 16 17 18 19 20 ];
answers = [5 3 0 3 3 5 0 3 1 2 3 2 0 0 3 5 2 5 1 4 ];
adjustments = [-10 -2 10 -1 -0.5 -2.5 2.5 -0.5 1.5 0.5 -0.5 0.5 2.5 2.5 -0.5 -2.5 0.5 -2.5 1.5 -1.5 ];
sentences = {'26626' '45923' '54841' '22336' '70287' '39994' '36514' '05413' '72141' '11755' '67850' '18502' '93692' '87470' '80338' '94067' '08168' '69009' '43285' '51779' };
offsets = [5016285 1748084 5527291 429999 9457633 3508252 8780002 7945023 6725493 52938 3261425 4577406 7466564 8992557 710446 2493499 3039348 9637113 2104275 3850421 ];

