# config: "EMA:1.1.0-APPP,ID:listener21-l,SETUP:KK1,SOUNDDEVICE:USB,SOUNDSTREAM:0,SOUNDCHANNELS:1,2"
target=0.50;discardreversals=2;startvalue=0.00;steps=[4  2  1];
threshold = [7.50 ];
values = [0.00 10.00 0.00 5.00 7.50 7.00 4.50 5.00 7.50 9.00 7.50 9.00 10.50 11.00 8.50 6.00 5.50 5.00 2.50 5.00 ];
reversals = [0 -1 1 0 -1 0 1 0 0 -1 1 0 0 -1 0 0 0 0 1 0 ];
measures = [0 0 0 0 1 1 1 1 1 1 1 1 1 1 1 1 1 1 1 1 ];
presentations = [1 2 3 4 5 6 7 8 9 10 11 12 13 14 15 16 17 18 19 20 ];
answers = [0 5 0 0 3 5 2 0 1 4 1 1 2 5 5 3 3 5 0 1 ];
adjustments = [10 -10 5 2.5 -0.5 -2.5 0.5 2.5 1.5 -1.5 1.5 1.5 0.5 -2.5 -2.5 -0.5 -0.5 -2.5 2.5 1.5 ];
sentences = {'37886' '23448' '82487' '89364' '15952' '59026' '02737' '76600' '66553' '24318' '03262' '44529' '51195' '90790' '15149' '48835' '90013' '77974' '68271' '31601' };
offsets = [5198147 2734941 2838596 532005 1946025 4787289 2498771 5869493 4134316 7790120 2598714 1912288 5041972 3451939 6327176 7234387 2803104 3110475 8371090 2953949 ];

