# config: "EMA:1.1.0-APPP,ID:listener21-l,SETUP:KK1,SOUNDDEVICE:USB,SOUNDSTREAM:0,SOUNDCHANNELS:1,2"
target=0.75;minreversals=14;discardreversals=4;minmeasures=25;startvalue=20.00;steps=[4  4  2  1];
threshold = [5.00 ];
values = [20.00 16.00 12.00 8.00 8.00 8.00 8.00 8.00 4.00 4.00 0.00 0.00 0.00 12.00 12.00 8.00 6.00 4.00 4.00 4.00 2.00 8.00 7.00 6.00 5.00 5.00 4.00 3.00 2.00 5.00 5.00 5.00 4.00 7.00 7.00 6.00 6.00 5.00 5.00 4.00 7.00 6.00 6.00 5.00 5.00 5.00 4.00 7.00 6.00 6.00 5.00 5.00 5.00 5.00 4.00 7.00 7.00 7.00 6.00 6.00 6.00 6.00 6.00 5.00 4.00 4.00 3.00 3.00 6.00 5.00 5.00 8.00 8.00 8.00 7.00 7.00 7.00 7.00 7.00 6.00 ];
reversals = [0 0 0 0 0 0 0 0 0 0 0 0 1 0 -1 0 0 0 0 0 1 -1 0 0 0 0 0 0 1 0 0 -1 1 0 -1 0 0 0 0 1 -1 0 0 0 0 0 1 -1 0 0 0 0 0 0 1 0 0 -1 0 0 0 0 0 0 0 0 0 1 -1 0 1 0 0 -1 0 0 0 0 0 1 ];
measures = [0 0 0 0 0 0 0 0 0 0 0 0 0 0 0 0 0 0 0 0 0 0 0 0 0 0 0 0 1 1 1 1 1 1 1 1 1 1 1 1 1 1 1 1 1 1 1 1 1 1 1 1 1 1 1 1 1 1 1 1 1 1 1 1 1 1 1 1 1 1 1 1 1 1 1 1 1 1 1 1 ];
presentations = [1 1 1 0 0 0 0 1 0 1 0 0 1 0 1 1 1 0 0 1 1 1 1 1 0 1 1 1 1 0 0 1 1 0 1 0 1 0 1 1 1 0 1 0 0 1 1 1 0 1 0 0 0 1 1 0 0 1 0 0 0 0 1 1 0 1 0 1 1 0 1 0 0 1 0 0 0 0 1 1 ];
answers = [1 1 1 0 0 0 0 1 0 1 0 0 0 0 1 1 1 0 0 1 0 1 1 1 0 1 1 1 0 0 0 1 0 0 1 0 1 0 1 0 1 0 1 0 0 1 0 1 0 1 0 0 0 1 0 0 0 1 0 0 0 0 1 1 0 1 0 0 1 0 0 0 0 1 0 0 0 0 1 0 ];
adjustments = [-4 -4 -4 0 0 0 0 -4 0 -4 0 0 12 0 -4 -2 -2 0 0 -2 6 -1 -1 -1 0 -1 -1 -1 3 0 0 -1 3 0 -1 0 -1 0 -1 3 -1 0 -1 0 0 -1 3 -1 0 -1 0 0 0 -1 3 0 0 -1 0 0 0 0 -1 -1 0 -1 0 3 -1 0 3 0 0 -1 0 0 0 0 -1 3 ];
offsets = [3377847 365009 2233506 654944 5024190 4213305 127276 1464763 2614461 2707345 2061363 4574781 3824452 2984946 1220220 2260552 2660611 3516630 3503443 1898908 4393948 1678304 1136180 2619682 2601522 4270993 1513762 2314310 3082222 727492 5017739 5084578 1874743 447974 3177211 221146 3257579 4638192 2195778 2263271 3976186 1908679 125939 4488382 4883869 3330349 4314066 2793780 3980580 4758858 2755580 4070568 4615080 1443303 3074634 4343337 2533610 1209517 2116090 179833 2616932 875411 3580792 2352237 3981191 1538860 1172437 4967653 3181729 765141 3885712 3923498 2973615 2672177 352249 424125 746402 3650803 385082 5207790 ];

