# config: "EMA:1.1.0-APPP,ID:listener21-l,SETUP:KK1,SOUNDDEVICE:USB,SOUNDSTREAM:0,SOUNDCHANNELS:1,2"
target=0.75;minreversals=14;discardreversals=4;minmeasures=25;startvalue=20.00;steps=[4  4  2  1];
threshold = [6.00 ];
values = [20.00 16.00 12.00 8.00 20.00 16.00 14.00 14.00 12.00 12.00 10.00 8.00 6.00 12.00 11.00 10.00 10.00 10.00 9.00 9.00 9.00 8.00 8.00 7.00 7.00 6.00 6.00 9.00 9.00 9.00 8.00 8.00 7.00 7.00 7.00 6.00 6.00 9.00 8.00 7.00 7.00 7.00 6.00 5.00 4.00 4.00 4.00 7.00 6.00 6.00 5.00 5.00 5.00 4.00 4.00 3.00 6.00 5.00 4.00 7.00 7.00 7.00 7.00 10.00 10.00 10.00 10.00 9.00 9.00 9.00 8.00 7.00 6.00 6.00 ];
reversals = [0 0 0 1 -1 0 0 0 0 0 0 0 1 -1 0 0 0 0 0 0 0 0 0 0 0 0 1 0 0 -1 0 0 0 0 0 0 1 -1 0 0 0 0 0 0 0 0 1 -1 0 0 0 0 0 0 0 1 -1 0 1 0 0 0 0 0 0 0 -1 0 0 0 0 0 0 0 ];
measures = [0 0 0 0 0 0 0 0 0 0 0 0 0 0 0 0 0 0 0 0 0 0 0 0 0 0 1 1 1 1 1 1 1 1 1 1 1 1 1 1 1 1 1 1 1 1 1 1 1 1 1 1 1 1 1 1 1 1 1 1 1 1 1 1 1 1 1 1 1 1 1 1 1 1 ];
presentations = [1 1 1 1 1 1 0 1 0 1 1 1 1 1 1 0 0 1 0 0 1 0 1 0 1 0 1 0 0 1 0 1 0 0 1 0 1 1 1 0 0 1 1 1 0 0 1 1 0 1 0 0 1 0 1 1 1 1 1 0 0 0 1 0 0 0 1 0 0 1 1 1 0 1 ];
answers = [1 1 1 0 1 1 0 1 0 1 1 1 0 1 1 0 0 1 0 0 1 0 1 0 1 0 0 0 0 1 0 1 0 0 1 0 0 1 1 0 0 1 1 1 0 0 0 1 0 1 0 0 1 0 1 0 1 1 0 0 0 0 0 0 0 0 1 0 0 1 1 1 0 1 ];
adjustments = [-4 -4 -4 12 -4 -2 0 -2 0 -2 -2 -2 6 -1 -1 0 0 -1 0 0 -1 0 -1 0 -1 0 3 0 0 -1 0 -1 0 0 -1 0 3 -1 -1 0 0 -1 -1 -1 0 0 3 -1 0 -1 0 0 -1 0 -1 3 -1 -1 3 0 0 0 3 0 0 0 -1 0 0 -1 -1 -1 0 -1 ];
offsets = [919589 3438616 1822369 537410 4234935 4354008 845949 1757060 3378286 652921 3042110 932184 2922010 4027919 2366986 1409465 2950334 2714058 1159566 468809 3311250 1103173 5188803 3047057 1578114 1377165 3221415 1939363 3750966 2213563 4194507 4964779 1429465 2326865 3281506 1275150 5146294 1559060 654950 4479717 3083961 357529 2940049 3044814 2141392 3470872 3099870 2687158 2800867 704118 4981639 722471 1032942 4897903 3911185 4006821 3261255 3085759 3945624 3246778 3420342 3133598 1172331 3578575 2279849 2378311 3498320 4051897 4695032 4105312 1356297 996254 1946980 1296469 ];

