# config: "EMA:1.1.0-APPP,ID:listener21-l,SETUP:KK1,SOUNDDEVICE:USB,SOUNDSTREAM:0,SOUNDCHANNELS:1,2"
target=0.75;minreversals=14;discardreversals=4;minmeasures=25;startvalue=20.00;steps=[4  4  2  1];
threshold = [7.50 ];
values = [20.00 16.00 12.00 8.00 4.00 16.00 12.00 12.00 12.00 12.00 10.00 10.00 8.00 6.00 6.00 6.00 6.00 12.00 12.00 12.00 12.00 12.00 12.00 11.00 11.00 11.00 10.00 9.00 9.00 8.00 8.00 7.00 7.00 6.00 6.00 9.00 9.00 8.00 8.00 8.00 7.00 7.00 7.00 10.00 9.00 8.00 7.00 6.00 6.00 6.00 6.00 9.00 8.00 7.00 7.00 7.00 10.00 10.00 10.00 10.00 9.00 9.00 8.00 7.00 7.00 6.00 6.00 5.00 8.00 7.00 6.00 5.00 5.00 5.00 5.00 5.00 5.00 8.00 8.00 8.00 7.00 7.00 7.00 10.00 10.00 10.00 10.00 ];
reversals = [0 0 0 0 1 -1 0 0 0 0 0 0 0 0 0 0 1 0 0 0 0 0 -1 0 0 0 0 0 0 0 0 0 0 0 1 0 -1 0 0 0 0 0 1 -1 0 0 0 0 0 0 1 -1 0 0 0 1 0 0 0 -1 0 0 0 0 0 0 0 1 -1 0 0 0 0 0 0 0 1 0 0 -1 0 0 1 0 0 0 -1 ];
measures = [0 0 0 0 0 0 0 0 0 0 0 0 0 0 0 0 0 0 0 0 0 0 0 0 0 0 0 0 0 0 0 0 0 0 1 1 1 1 1 1 1 1 1 1 1 1 1 1 1 1 1 1 1 1 1 1 1 1 1 1 1 1 1 1 1 1 1 1 1 1 1 1 1 1 1 1 1 1 1 1 1 1 1 1 1 1 1 ];
presentations = [1 1 1 1 1 1 0 0 0 1 0 1 1 0 0 0 1 0 0 0 0 0 1 0 0 1 1 0 1 0 1 0 1 0 1 0 1 0 0 1 0 0 1 1 1 1 1 0 0 0 1 1 1 0 0 1 0 0 0 1 0 1 1 0 1 0 1 1 1 1 1 0 0 0 0 0 1 0 0 1 0 0 1 0 0 0 1 ];
answers = [1 1 1 1 0 1 0 0 0 1 0 1 1 0 0 0 0 0 0 0 0 0 1 0 0 1 1 0 1 0 1 0 1 0 0 0 1 0 0 1 0 0 0 1 1 1 1 0 0 0 0 1 1 0 0 0 0 0 0 1 0 1 1 0 1 0 1 0 1 1 1 0 0 0 0 0 0 0 0 1 0 0 0 0 0 0 1 ];
adjustments = [-4 -4 -4 -4 12 -4 0 0 0 -2 0 -2 -2 0 0 0 6 0 0 0 0 0 -1 0 0 -1 -1 0 -1 0 -1 0 -1 0 3 0 -1 0 0 -1 0 0 3 -1 -1 -1 -1 0 0 0 3 -1 -1 0 0 3 0 0 0 -1 0 -1 -1 0 -1 0 -1 3 -1 -1 -1 0 0 0 0 0 3 0 0 -1 0 0 3 0 0 0 -1 ];
offsets = [4510136 275793 1837830 1536705 3866473 1177064 299845 601013 5255741 5119926 5111758 2035715 3014800 2277772 2476942 3167963 3012702 5054175 298822 1414189 551382 758755 471731 183080 144745 4885767 5096415 2925052 2440082 4696312 2446442 2235505 1752235 101075 3171553 1673259 991839 2637920 1956255 4811218 3136631 271552 4852699 259780 186755 471897 2305816 692745 4723290 1587170 653893 1485103 908643 3573580 1207502 3261197 4352253 4176334 745651 2433206 2325202 1193384 607540 3375143 4337328 4189246 5065675 3074377 821787 4718749 4431002 701502 449130 990740 4385445 3855109 3151011 2237678 2682761 1114306 3598947 4464524 737305 3079295 2870687 5051379 34901 ];

