# config: "EMA:1.1.0-APPP,ID:listener21-l,SETUP:KK1,SOUNDDEVICE:USB,SOUNDSTREAM:0,SOUNDCHANNELS:1,2"
target=0.75;minreversals=14;discardreversals=4;minmeasures=25;startvalue=20.00;steps=[4  4  2  1];
threshold = [2.00 ];
values = [20.00 32.00 28.00 24.00 24.00 20.00 20.00 20.00 16.00 12.00 12.00 12.00 12.00 8.00 4.00 4.00 0.00 -4.00 -4.00 -4.00 8.00 8.00 8.00 6.00 6.00 5.00 4.00 4.00 3.00 2.00 2.00 2.00 2.00 2.00 1.00 0.00 0.00 0.00 3.00 2.00 1.00 4.00 4.00 4.00 4.00 3.00 3.00 3.00 2.00 1.00 0.00 -1.00 2.00 2.00 1.00 4.00 3.00 2.00 1.00 1.00 0.00 -1.00 -1.00 2.00 1.00 0.00 -1.00 2.00 1.00 0.00 0.00 3.00 3.00 3.00 3.00 3.00 3.00 ];
reversals = [0 -1 0 0 0 0 0 0 0 0 0 0 0 0 0 0 0 0 0 1 0 0 -1 0 0 0 0 0 0 0 0 0 0 0 0 0 0 1 -1 0 1 0 0 0 -1 0 0 0 0 0 0 1 0 -1 1 -1 0 0 0 0 0 0 1 -1 0 0 1 -1 0 0 1 0 0 0 0 0 -1 ];
measures = [0 0 0 0 0 0 0 0 0 0 0 0 0 0 0 0 0 0 0 0 0 0 0 0 0 0 0 0 0 0 0 0 0 0 0 0 0 0 1 1 1 1 1 1 1 1 1 1 1 1 1 1 1 1 1 1 1 1 1 1 1 1 1 1 1 1 1 1 1 1 1 1 1 1 1 1 1 ];
presentations = [1 1 1 0 1 0 0 1 1 0 0 0 1 1 0 1 1 0 0 1 0 0 1 0 1 1 0 1 1 0 0 0 0 1 1 0 0 1 1 1 1 0 0 0 1 0 0 1 1 1 1 1 0 1 1 1 1 1 0 1 1 0 1 1 1 1 1 1 1 0 1 0 0 0 0 0 1 ];
answers = [0 1 1 0 1 0 0 1 1 0 0 0 1 1 0 1 1 0 0 0 0 0 1 0 1 1 0 1 1 0 0 0 0 1 1 0 0 0 1 1 0 0 0 0 1 0 0 1 1 1 1 0 0 1 0 1 1 1 0 1 1 0 0 1 1 1 0 1 1 0 0 0 0 0 0 0 1 ];
adjustments = [12 -4 -4 0 -4 0 0 -4 -4 0 0 0 -4 -4 0 -4 -4 0 0 12 0 0 -2 0 -1 -1 0 -1 -1 0 0 0 0 -1 -1 0 0 3 -1 -1 3 0 0 0 -1 0 0 -1 -1 -1 -1 3 0 -1 3 -1 -1 -1 0 -1 -1 0 3 -1 -1 -1 3 -1 -1 0 3 0 0 0 0 0 -1 ];
offsets = [3113041 1856959 2941035 1765283 3025747 4702526 3302033 584730 5172608 3096518 3655251 2437431 3461775 365518 1693917 1694387 1527212 2312250 2789390 3653661 310872 4738034 3185220 2686803 4613651 3919909 1131196 1664460 4647970 2166762 2437925 3211926 1606349 2619315 955582 4961921 2909138 176541 4593359 2373482 4585694 3571442 524962 1830359 1876596 1930703 3972681 3334275 4659325 1885226 1156857 4079972 2849857 130102 4061954 240564 1721143 1123985 3028580 5006591 3413446 860939 4487841 5200557 4455438 4265802 4591429 3885044 3729171 5213280 1145802 4625617 5088196 1772809 1674062 1783820 5160790 ];

