# config: "EMA:1.1.0-APPP,ID:listener21-l,SETUP:KK1,SOUNDDEVICE:USB,SOUNDSTREAM:0,SOUNDCHANNELS:1,2"
target=0.75;minreversals=14;discardreversals=4;minmeasures=25;startvalue=20.00;steps=[4  4  2  1];
threshold = [21.50 ];
values = [20.00 16.00 12.00 8.00 4.00 20.00 16.00 24.00 23.00 22.00 26.00 30.00 29.00 28.00 27.00 26.00 25.00 25.00 24.00 23.00 22.00 21.00 21.00 20.00 19.00 18.00 17.00 21.00 20.00 24.00 23.00 23.00 27.00 26.00 25.00 24.00 24.00 24.00 24.00 23.00 23.00 23.00 22.00 22.00 21.00 21.00 20.00 19.00 19.00 19.00 19.00 19.00 18.00 17.00 17.00 17.00 16.00 15.00 15.00 14.00 13.00 12.00 15.00 15.00 ];
reversals = [0 0 0 0 1 -1 1 -1 0 1 0 -1 0 0 0 0 0 0 0 0 0 0 0 0 0 0 1 -1 1 -1 0 1 -1 0 0 0 0 0 0 0 0 0 0 0 0 0 0 0 0 0 0 0 0 0 0 0 0 0 0 0 0 1 0 -1 ];
measures = [0 0 0 0 0 0 0 0 0 1 1 1 1 1 1 1 1 1 1 1 1 1 1 1 1 1 1 1 1 1 1 1 1 1 1 1 1 1 1 1 1 1 1 1 1 1 1 1 1 1 1 1 1 1 1 1 1 1 1 1 1 1 1 1 ];
presentations = [1 1 1 1 0 1 0 1 1 0 0 1 1 1 1 1 0 1 1 1 1 0 1 1 1 1 0 1 0 1 0 0 1 1 1 0 0 0 1 0 0 1 0 1 0 1 1 0 0 0 0 1 1 0 0 1 1 0 1 1 1 1 0 1 ];
answers = [1 1 1 1 1 1 1 1 1 1 1 1 1 1 1 1 0 1 1 1 1 0 1 1 1 1 1 1 1 1 0 1 1 1 1 0 0 0 1 0 0 1 0 1 0 1 1 0 0 0 0 1 1 0 0 1 1 0 1 1 1 0 0 1 ];
adjustments = [-4 -4 -4 -4 16 -4 8 -1 -1 4 4 -1 -1 -1 -1 -1 0 -1 -1 -1 -1 0 -1 -1 -1 -1 4 -1 4 -1 0 4 -1 -1 -1 0 0 0 -1 0 0 -1 0 -1 0 -1 -1 0 0 0 0 -1 -1 0 0 -1 -1 0 -1 -1 -1 3 0 -1 ];
offsets = [858503 2286262 617981 4340515 1194614 2075100 175568 35740 2006037 3591985 3859553 964395 2851627 2888995 2159707 1758193 315049 3369771 3565008 198650 1236004 1497594 5121241 4806712 4811874 4197067 4578969 2059407 4768341 1137071 115774 3646171 3737801 4477486 626635 1729024 5192310 705154 1463709 804331 4652595 808426 1299806 4503661 3800454 1463928 4652256 3069961 2957856 1517948 1045523 2257579 5182204 360747 3936517 3354328 1135771 3575190 1025621 484746 460366 4214044 2112708 3168848 ];

