# config: "EMA:1.1.0-APPP,ID:listener20-l,SETUP:KK1,SOUNDDEVICE:USB,SOUNDSTREAM:0,SOUNDCHANNELS:1,2"
target=0.50;discardreversals=2;startvalue=0.00;steps=[4  2  1];
threshold = [-8.75 ];
values = [0.00 -10.00 -12.00 -6.00 -5.00 -10.00 -10.50 -10.00 -11.50 -9.00 -8.50 -9.00 -7.50 -8.00 -8.50 -8.00 -5.50 -3.00 -3.50 -4.00 ];
reversals = [0 0 1 0 -1 0 1 -1 1 0 -1 1 -1 0 1 0 0 -1 0 0 ];
measures = [0 0 0 0 0 0 1 1 1 1 1 1 1 1 1 1 1 1 1 1 ];
presentations = [1 2 3 4 5 6 7 8 9 10 11 12 13 14 15 16 17 18 19 20 ];
answers = [5 3 1 2 5 3 2 4 0 2 3 1 3 3 2 0 0 3 3 5 ];
adjustments = [-10 -2 6 1 -5 -0.5 0.5 -1.5 2.5 0.5 -0.5 1.5 -0.5 -0.5 0.5 2.5 2.5 -0.5 -0.5 -2.5 ];
sentences = {'51417' '10681' '63558' '76802' '00456' '52277' '18314' '61793' '24621' '07970' '46393' '89135' '47048' '95569' '29744' '33980' '82009' '78835' '95162' '34226' };
offsets = [6062534 8227776 516197 7685347 1568019 5096801 6040359 7604459 4901760 7749242 2587044 7367740 6334234 1352353 22378 7752663 3270495 7513683 4920642 6841491 ];

