# config: "EMA:1.1.0-APPP,ID:listener20-l,SETUP:KK1,SOUNDDEVICE:USB,SOUNDSTREAM:0,SOUNDCHANNELS:1,2"
target=0.50;discardreversals=2;startvalue=0.00;steps=[4  2  1];
threshold = [-7.50 ];
values = [0.00 -2.00 -12.00 -2.00 -7.00 -9.50 -7.00 -8.50 -9.00 -7.50 -8.00 -6.50 -7.00 -7.50 -8.00 -5.50 -7.00 -5.50 -8.00 -6.50 ];
reversals = [0 0 1 -1 0 1 -1 0 1 -1 1 -1 0 0 1 -1 1 -1 1 0 ];
measures = [0 0 0 0 0 1 1 1 1 1 1 1 1 1 1 1 1 1 1 1 ];
presentations = [1 2 3 4 5 6 7 8 9 10 11 12 13 14 15 16 17 18 19 20 ];
answers = [3 5 0 5 5 0 4 3 1 3 1 3 3 3 0 4 1 5 1 1 ];
adjustments = [-2 -10 10 -5 -2.5 2.5 -1.5 -0.5 1.5 -0.5 1.5 -0.5 -0.5 -0.5 2.5 -1.5 1.5 -2.5 1.5 1.5 ];
sentences = {'69444' '44697' '82009' '98162' '46393' '78835' '10681' '85813' '33528' '95162' '63558' '06251' '07970' '34226' '77705' '21080' '12339' '51417' '29744' '50976' };
offsets = [8326038 5394414 1162646 918646 3218936 386957 7657717 2680861 1285473 5610649 8601854 1960586 1224465 672629 3512174 2395687 5370944 355940 1238369 1517247 ];

