# config: "EMA:1.1.0-APPP,ID:listener20-l,SETUP:KK1,SOUNDDEVICE:USB,SOUNDSTREAM:0,SOUNDCHANNELS:1,2"
target=0.50;discardreversals=2;startvalue=0.00;steps=[4  2  1];
threshold = [-6.50 ];
values = [0.00 -2.00 -12.00 -2.00 -7.00 -6.50 -7.00 -4.50 -7.00 -9.50 -8.00 -5.50 -8.00 -7.50 -5.00 -6.50 -6.00 -6.50 -7.00 -7.50 ];
reversals = [0 0 1 -1 1 -1 1 -1 0 1 0 -1 1 0 -1 1 -1 0 0 1 ];
measures = [0 0 0 0 1 1 1 1 1 1 1 1 1 1 1 1 1 1 1 1 ];
presentations = [1 2 3 4 5 6 7 8 9 10 11 12 13 14 15 16 17 18 19 20 ];
answers = [3 5 0 5 2 3 0 5 5 1 0 5 2 0 4 2 3 3 3 0 ];
adjustments = [-2 -10 10 -5 0.5 -0.5 2.5 -2.5 -2.5 1.5 2.5 -2.5 0.5 2.5 -1.5 0.5 -0.5 -0.5 -0.5 2.5 ];
sentences = {'89135' '52988' '70565' '61793' '29394' '47048' '76802' '33980' '24621' '18314' '00456' '52277' '35209' '95569' '91451' '14040' '87713' '03676' '48832' '66127' };
offsets = [4418430 2327565 4551411 5955503 7605794 4278113 7590456 5997636 5641142 537907 3383719 2114808 9074203 387634 455718 1302655 7198510 1981724 4300710 9443567 ];

