# config: "EMA:1.1.0-APPP,ID:listener20-l,SETUP:KK1,SOUNDDEVICE:USB,SOUNDSTREAM:0,SOUNDCHANNELS:1,2"
target=0.50;discardreversals=2;startvalue=0.00;steps=[4  2  1];
threshold = [-15.00 ];
values = [0.00 -10.00 -20.00 -10.00 -15.00 -12.50 -15.00 -14.50 -16.00 -16.50 -15.00 -16.50 -14.00 -15.50 -14.00 -14.50 -16.00 -13.50 -12.00 -13.50 ];
reversals = [0 0 1 -1 1 -1 1 -1 0 1 -1 1 -1 1 -1 0 1 0 -1 1 ];
measures = [0 0 0 0 1 1 1 1 1 1 1 1 1 1 1 1 1 1 1 1 ];
presentations = [1 2 3 4 5 6 7 8 9 10 11 12 13 14 15 16 17 18 19 20 ];
answers = [5 5 0 5 0 5 2 4 3 1 4 0 4 1 3 4 0 1 4 2 ];
adjustments = [-10 -10 10 -5 2.5 -2.5 0.5 -1.5 -0.5 1.5 -1.5 2.5 -1.5 1.5 -0.5 -1.5 2.5 1.5 -1.5 0.5 ];
sentences = {'12339' '30757' '06251' '55025' '85813' '68819' '87263' '21080' '22586' '69444' '33528' '16140' '44697' '99308' '50976' '41634' '98162' '74972' '77705' '03491' };
offsets = [8860122 7337888 9598776 8740386 2865589 1136482 460278 5471443 3991062 1295006 8299278 4998773 5608497 667327 9413290 2256878 3726135 4292379 83802 4357735 ];

