# config: "EMA:1.1.0-APPP,ID:listener20-l,SETUP:KK1,SOUNDDEVICE:USB,SOUNDSTREAM:0,SOUNDCHANNELS:1,2"
target=0.50;discardreversals=2;startvalue=0.00;steps=[4  2  1];
threshold = [-11.50 ];
values = [0.00 -10.00 -4.00 -7.00 -9.50 -10.00 -12.50 -10.00 -9.50 -10.00 -9.50 -11.00 -11.50 -12.00 -11.50 -14.00 -12.50 -12.00 -10.50 -12.00 ];
reversals = [0 1 -1 0 0 0 1 0 -1 1 -1 0 0 1 -1 1 0 0 -1 1 ];
measures = [0 0 0 0 0 0 1 1 1 1 1 1 1 1 1 1 1 1 1 1 ];
presentations = [1 2 3 4 5 6 7 8 9 10 11 12 13 14 15 16 17 18 19 20 ];
answers = [5 1 4 5 3 5 0 2 3 2 4 3 3 2 5 1 2 1 4 2 ];
adjustments = [-10 6 -3 -2.5 -0.5 -2.5 2.5 0.5 -0.5 0.5 -1.5 -0.5 -0.5 0.5 -2.5 1.5 0.5 1.5 -1.5 0.5 ];
sentences = {'03676' '68819' '66127' '87263' '30757' '52988' '99308' '87713' '03491' '55025' '91451' '14040' '48832' '74972' '41634' '70565' '35209' '16140' '22586' '29394' };
offsets = [6222108 5768242 5304336 972135 2987252 4553863 894769 298392 3591709 3532368 7156254 8185818 7482431 5924642 1960603 4040349 12179 3824654 4771152 5735888 ];

