# config: "EMA:1.1.0-APPP,ID:listener20-l,SETUP:KK1,SOUNDDEVICE:USB,SOUNDSTREAM:0,SOUNDCHANNELS:1,2"
target=0.50;discardreversals=2;startvalue=0.00;steps=[4  2  1];
threshold = [-25.25 ];
values = [0.00 -10.00 -20.00 -30.00 -20.00 -23.00 -25.50 -25.00 -23.50 -25.00 -24.50 -22.00 -24.50 -26.00 -24.50 -27.00 -28.50 -27.00 -27.50 -25.00 ];
reversals = [0 0 0 1 -1 0 1 0 -1 1 0 -1 0 1 -1 0 1 -1 1 -1 ];
measures = [0 0 0 0 0 0 1 1 1 1 1 1 1 1 1 1 1 1 1 1 ];
presentations = [1 2 3 4 5 6 7 8 9 10 11 12 13 14 15 16 17 18 19 20 ];
answers = [5 5 5 0 4 5 2 1 4 2 0 5 4 1 5 4 1 3 0 3 ];
adjustments = [-10 -10 -10 10 -3 -2.5 0.5 1.5 -1.5 0.5 2.5 -2.5 -1.5 1.5 -2.5 -1.5 1.5 -0.5 2.5 -0.5 ];
sentences = {'16140' '51195' '55025' '87263' '89364' '90013' '15952' '37886' '41634' '68271' '76600' '68819' '44529' '30757' '23448' '99308' '02737' '03491' '22586' '74972' };
offsets = [2157703 7060132 2366344 3220785 6670068 6218772 731398 3442806 1584721 4036292 1419403 3614309 6397635 4856801 1804738 1537515 4875620 5753343 1901597 1856680 ];

