# config: "EMA:1.1.0-APPP,ID:listener20-l,SETUP:KK1,SOUNDDEVICE:USB,SOUNDSTREAM:0,SOUNDCHANNELS:1,2"
target=0.50;discardreversals=2;startvalue=0.00;steps=[4  2  1];
threshold = [-16.50 ];
values = [0.00 -10.00 -20.00 -10.00 -15.00 -17.50 -18.00 -18.50 -19.00 -17.50 -17.00 -16.50 -18.00 -19.50 -18.00 -16.50 -16.00 -16.50 -16.00 -14.50 ];
reversals = [0 0 1 -1 0 0 0 0 1 0 0 -1 0 1 0 0 -1 1 0 -1 ];
measures = [0 0 0 0 0 0 0 0 1 1 1 1 1 1 1 1 1 1 1 1 ];
presentations = [1 2 3 4 5 6 7 8 9 10 11 12 13 14 15 16 17 18 19 20 ];
answers = [5 5 0 5 5 3 3 3 1 2 2 4 4 1 1 2 3 2 1 3 ];
adjustments = [-10 -10 10 -5 -2.5 -0.5 -0.5 -0.5 1.5 0.5 0.5 -1.5 -1.5 1.5 1.5 0.5 -0.5 0.5 1.5 -0.5 ];
sentences = {'95569' '76600' '18314' '51195' '37886' '89135' '47048' '52277' '76802' '15952' '90013' '33980' '02737' '61793' '23448' '68271' '44529' '24621' '00456' '89364' };
offsets = [8181792 4765674 7462461 1207735 4056423 5045581 7884780 5699393 2931435 302659 6366195 2717060 6521667 1628423 4113068 7765956 7095522 4546469 380328 4290393 ];

