# config: "EMA:1.1.0-APPP,ID:listener20-l,SETUP:KK1,SOUNDDEVICE:USB,SOUNDSTREAM:0,SOUNDCHANNELS:1,2"
target=0.50;discardreversals=2;startvalue=0.00;steps=[4  2  1];
threshold = [-22.00 ];
values = [0.00 -10.00 -20.00 -14.00 -17.00 -19.50 -20.00 -22.50 -20.00 -20.50 -23.00 -20.50 -22.00 -20.50 -22.00 -19.50 -21.00 -21.50 -22.00 -20.50 ];
reversals = [0 0 1 -1 0 0 0 1 -1 0 1 -1 1 -1 1 -1 0 0 1 0 ];
measures = [0 0 0 0 0 0 0 1 1 1 1 1 1 1 1 1 1 1 1 1 ];
presentations = [1 2 3 4 5 6 7 8 9 10 11 12 13 14 15 16 17 18 19 20 ];
answers = [5 5 1 4 5 3 5 0 3 5 0 4 1 4 0 4 3 3 1 2 ];
adjustments = [-10 -10 6 -3 -2.5 -0.5 -2.5 2.5 -0.5 -2.5 2.5 -1.5 1.5 -1.5 2.5 -1.5 -0.5 -0.5 1.5 0.5 ];
sentences = {'16140' '63558' '68819' '51417' '30757' '29744' '74972' '34226' '03491' '07970' '22586' '10681' '46393' '41634' '82009' '55025' '99308' '87263' '95162' '78835' };
offsets = [1430770 3165688 3714291 4928914 466286 3142853 5514508 1151182 679087 1488934 257338 2628384 4126636 6924264 2542103 5161237 906346 336083 6627820 58068 ];

