# config: "EMA:1.1.0-APPP,ID:listener20-l,SETUP:KK1,SOUNDDEVICE:USB,SOUNDSTREAM:0,SOUNDCHANNELS:1,2"
target=0.50;discardreversals=2;startvalue=0.00;steps=[4  2  1];
threshold = [-10.00 ];
values = [0.00 -10.00 -4.00 -9.00 -9.50 -10.00 -9.50 -12.00 -13.50 -11.00 -9.50 -9.00 -9.50 -10.00 -8.50 -10.00 -8.50 -10.00 -10.50 -13.00 ];
reversals = [0 1 -1 0 0 1 -1 0 1 0 0 -1 0 1 -1 1 -1 0 0 1 ];
measures = [0 0 0 0 0 1 1 1 1 1 1 1 1 1 1 1 1 1 1 1 ];
presentations = [1 2 3 4 5 6 7 8 9 10 11 12 13 14 15 16 17 18 19 20 ];
answers = [5 1 5 3 3 2 5 4 0 1 2 3 3 1 4 1 4 3 5 0 ];
adjustments = [-10 6 -5 -0.5 -0.5 0.5 -2.5 -1.5 2.5 1.5 0.5 -0.5 -0.5 1.5 -1.5 1.5 -1.5 -0.5 -2.5 2.5 ];
sentences = {'87263' '44529' '30757' '23448' '55025' '89364' '03491' '16140' '22586' '74972' '68271' '99308' '41634' '15952' '51195' '90013' '76600' '37886' '02737' '68819' };
offsets = [7108932 1546706 7819748 2199184 8270479 7300212 756523 7715072 191994 4564950 1751548 7261150 2754984 4618988 267488 2453850 5370266 8190319 4077645 4225731 ];

