# config: "EMA:1.1.0-APPP,ID:listener20-l,SETUP:KK1,SOUNDDEVICE:USB,SOUNDSTREAM:0,SOUNDCHANNELS:1,2"
target=0.50;discardreversals=2;startvalue=0.00;steps=[4  2  1];
threshold = [-6.50 ];
values = [0.00 -6.00 -4.00 -5.00 -5.50 -7.00 -9.50 -8.00 -5.50 -6.00 -5.50 -7.00 -6.50 -7.00 -4.50 -7.00 -6.50 -6.00 -7.50 -7.00 ];
reversals = [0 1 -1 0 0 0 1 0 -1 1 -1 1 -1 1 -1 1 0 -1 1 0 ];
measures = [0 0 0 0 0 0 1 1 1 1 1 1 1 1 1 1 1 1 1 1 ];
presentations = [1 2 3 4 5 6 7 8 9 10 11 12 13 14 15 16 17 18 19 20 ];
answers = [4 2 3 3 4 5 1 0 3 2 4 2 3 0 5 2 2 4 2 2 ];
adjustments = [-6 2 -1 -0.5 -1.5 -2.5 1.5 2.5 -0.5 0.5 -1.5 0.5 -0.5 2.5 -2.5 0.5 0.5 -1.5 0.5 0.5 ];
sentences = {'94067' '26626' '31601' '77974' '80338' '48835' '18502' '24318' '72141' '59026' '03262' '82487' '90790' '66553' '51779' '15149' '39994' '43285' '67850' '05413' };
offsets = [3164643 7580395 2772041 1204938 9588246 1220819 2692639 833533 7613746 8477379 1408719 4393686 9109179 6167151 5545790 5323622 5943532 8954220 9519463 7090248 ];

