# config: "EMA:1.1.0-APPP,ID:listener20-l,SETUP:KK1,SOUNDDEVICE:USB,SOUNDSTREAM:0,SOUNDCHANNELS:1,2"
target=0.50;discardreversals=2;startvalue=0.00;steps=[4  2  1];
threshold = [-8.75 ];
values = [0.00 -10.00 -8.00 -5.00 -8.00 -10.50 -11.00 -8.50 -8.00 -7.50 -8.00 -10.50 -9.00 -8.50 -9.00 -6.50 -7.00 -9.50 -7.00 -5.50 ];
reversals = [0 1 0 -1 0 0 1 0 0 -1 0 1 0 -1 1 -1 0 1 0 -1 ];
measures = [0 0 0 0 0 0 1 1 1 1 1 1 1 1 1 1 1 1 1 1 ];
presentations = [1 2 3 4 5 6 7 8 9 10 11 12 13 14 15 16 17 18 19 20 ];
answers = [5 2 1 4 5 3 0 2 2 3 5 1 2 3 0 3 5 0 1 5 ];
adjustments = [-10 2 3 -3 -2.5 -0.5 2.5 0.5 0.5 -0.5 -2.5 1.5 0.5 -0.5 2.5 -0.5 -2.5 2.5 1.5 -2.5 ];
sentences = {'95569' '24621' '77974' '76802' '15149' '03262' '61793' '00456' '89135' '33980' '48835' '18314' '59026' '31601' '82487' '52277' '24318' '66553' '90790' '47048' };
offsets = [543425 418225 5995380 4035851 9626167 155445 731329 439369 7988799 7851758 7836335 1223558 2102078 9784717 7100337 2555079 9680561 446414 5586247 1561529 ];

