# config: "EMA:1.1.0-APPP,ID:listener20-l,SETUP:KK1,SOUNDDEVICE:USB,SOUNDSTREAM:0,SOUNDCHANNELS:1,2"
target=0.50;discardreversals=2;startvalue=0.00;steps=[4  2  1];
threshold = [-25.50 ];
values = [0.00 -10.00 -20.00 -30.00 -20.00 -25.00 -25.50 -27.00 -28.50 -27.00 -26.50 -25.00 -27.50 -26.00 -26.50 -25.00 -23.50 -23.00 -23.50 -23.00 ];
reversals = [0 0 0 1 -1 0 0 0 1 0 0 -1 1 -1 1 0 0 -1 1 -1 ];
measures = [0 0 0 0 0 0 0 0 1 1 1 1 1 1 1 1 1 1 1 1 ];
presentations = [1 2 3 4 5 6 7 8 9 10 11 12 13 14 15 16 17 18 19 20 ];
answers = [5 5 5 0 5 3 4 4 1 2 1 5 1 3 1 1 2 3 2 5 ];
adjustments = [-10 -10 -10 10 -5 -0.5 -1.5 -1.5 1.5 0.5 1.5 -2.5 1.5 -0.5 1.5 1.5 0.5 -0.5 0.5 -2.5 ];
sentences = {'26626' '51779' '08168' '54841' '67850' '69009' '72141' '94067' '70287' '93692' '45923' '18502' '39994' '36514' '22336' '05413' '80338' '11755' '43285' '87470' };
offsets = [5529285 3781751 2236536 4903233 1588422 1086690 1628322 6487689 862599 5653797 6286099 1305196 6621552 6129004 4835875 5345435 2828705 547778 1435363 5971376 ];

