# config: "EMA:1.1.0-APPP,ID:listener20-l,SETUP:KK1,SOUNDDEVICE:USB,SOUNDSTREAM:0,SOUNDCHANNELS:1,2"
target=0.50;discardreversals=2;startvalue=0.00;steps=[4  2  1];
threshold = [-4.00 ];
values = [0.00 6.00 0.00 -5.00 -2.00 -4.50 -2.00 -4.50 -5.00 -4.50 -2.00 -4.50 -4.00 -5.50 -4.00 -4.50 -2.00 -4.50 -2.00 -3.50 ];
reversals = [0 -1 0 1 -1 1 -1 0 1 0 -1 1 -1 1 -1 1 -1 1 -1 1 ];
measures = [0 0 0 0 1 1 1 1 1 1 1 1 1 1 1 1 1 1 1 1 ];
presentations = [1 2 3 4 5 6 7 8 9 10 11 12 13 14 15 16 17 18 19 20 ];
answers = [1 4 5 1 5 0 5 3 2 0 5 2 4 1 3 0 5 0 4 1 ];
adjustments = [6 -6 -5 3 -2.5 2.5 -2.5 -0.5 0.5 2.5 -2.5 0.5 -1.5 1.5 -0.5 2.5 -2.5 2.5 -1.5 1.5 ];
sentences = {'89135' '00456' '07970' '10681' '34226' '82009' '33980' '78835' '29744' '76802' '24621' '95569' '63558' '52277' '46393' '51417' '61793' '18314' '47048' '95162' };
offsets = [537234 3287406 7374290 5951246 1038412 1815150 5965488 4369713 7041925 8309974 3566832 3313892 2643919 1201813 7368032 6672689 7864615 3423029 4528208 3224687 ];

