# config: "EMA:1.1.0-APPP,ID:listener20-l,SETUP:KK1,SOUNDDEVICE:USB,SOUNDSTREAM:0,SOUNDCHANNELS:1,2"
target=0.50;discardreversals=2;startvalue=0.00;steps=[4  2  1];
threshold = [-25.00 ];
values = [0.00 -10.00 -20.00 -26.00 -20.00 -23.00 -25.50 -25.00 -24.50 -23.00 -24.50 -23.00 -24.50 -26.00 -25.50 -27.00 -27.50 -27.00 -24.50 -23.00 ];
reversals = [0 0 0 1 -1 0 1 0 0 -1 1 -1 0 1 -1 0 1 0 0 -1 ];
measures = [0 0 0 0 0 0 1 1 1 1 1 1 1 1 1 1 1 1 1 1 ];
presentations = [1 2 3 4 5 6 7 8 9 10 11 12 13 14 15 16 17 18 19 20 ];
answers = [5 5 4 1 4 5 2 2 1 4 1 4 4 2 4 3 2 0 1 4 ];
adjustments = [-10 -10 -6 6 -3 -2.5 0.5 0.5 1.5 -1.5 1.5 -1.5 -1.5 0.5 -1.5 -0.5 0.5 2.5 1.5 -1.5 ];
sentences = {'33980' '47048' '18314' '68819' '99308' '52277' '76802' '03491' '89135' '61793' '74972' '24621' '95569' '55025' '87263' '41634' '16140' '30757' '00456' '22586' };
offsets = [3210895 1838677 789171 5870843 2627106 2997192 3139268 1268429 3277257 409848 7330909 4258366 5482965 125605 3561071 4135330 2300686 1008887 6117526 3367108 ];

