# config: "EMA:1.1.0-APPP,ID:listener20-l,SETUP:KK1,SOUNDDEVICE:USB,SOUNDSTREAM:0,SOUNDCHANNELS:1,2"
target=0.50;discardreversals=2;startvalue=0.00;steps=[4  2  1];
threshold = [-6.00 ];
values = [0.00 -6.00 4.00 1.00 -0.50 -3.00 -5.50 -6.00 -5.50 -8.00 -7.50 -8.00 -6.50 -6.00 -3.50 -5.00 -5.50 -5.00 -7.50 -9.00 ];
reversals = [0 1 -1 0 0 0 0 1 -1 1 -1 1 0 0 -1 0 1 -1 0 1 ];
measures = [0 0 0 0 0 0 0 1 1 1 1 1 1 1 1 1 1 1 1 1 ];
presentations = [1 2 3 4 5 6 7 8 9 10 11 12 13 14 15 16 17 18 19 20 ];
answers = [4 0 4 4 5 5 3 2 5 2 3 1 2 0 4 3 2 5 4 0 ];
adjustments = [-6 10 -3 -1.5 -2.5 -2.5 -0.5 0.5 -2.5 0.5 -0.5 1.5 0.5 2.5 -1.5 -0.5 0.5 -2.5 -1.5 2.5 ];
sentences = {'33528' '12339' '91451' '29394' '44697' '14040' '03676' '87713' '66127' '21080' '85813' '98162' '77705' '35209' '69444' '48832' '50976' '52988' '06251' '70565' };
offsets = [65713 1820300 2210440 4067155 1041773 1889740 6256856 1179481 2284003 1030205 2552741 7047119 5214958 1821682 5781298 5401208 7035805 6447644 6292125 442047 ];

