# config: "EMA:1.1.0-APPP,ID:listener20-l,SETUP:KK1,SOUNDDEVICE:USB,SOUNDSTREAM:0,SOUNDCHANNELS:1,2"
target=0.75;minreversals=14;discardreversals=4;minmeasures=25;startvalue=20.00;steps=[4  4  2  1];
threshold = [6.50 ];
values = [20.00 16.00 12.00 8.00 4.00 16.00 12.00 10.00 8.00 8.00 8.00 14.00 14.00 14.00 14.00 13.00 13.00 12.00 11.00 10.00 10.00 10.00 10.00 9.00 9.00 9.00 9.00 9.00 9.00 8.00 8.00 8.00 8.00 8.00 8.00 8.00 8.00 7.00 6.00 6.00 5.00 4.00 4.00 7.00 6.00 9.00 9.00 9.00 8.00 8.00 8.00 7.00 6.00 6.00 5.00 8.00 7.00 7.00 6.00 6.00 6.00 6.00 9.00 9.00 9.00 8.00 8.00 8.00 8.00 8.00 8.00 8.00 7.00 7.00 7.00 7.00 6.00 5.00 5.00 5.00 8.00 8.00 8.00 8.00 7.00 6.00 5.00 4.00 4.00 4.00 7.00 6.00 5.00 5.00 5.00 4.00 4.00 4.00 ];
reversals = [0 0 0 0 1 -1 0 0 0 0 1 0 0 0 -1 0 0 0 0 0 0 0 0 0 0 0 0 0 0 0 0 0 0 0 0 0 0 0 0 0 0 0 1 -1 1 0 0 -1 0 0 0 0 0 0 1 -1 0 0 0 0 0 1 0 0 -1 0 0 0 0 0 0 0 0 0 0 0 0 0 0 1 0 0 0 -1 0 0 0 0 0 1 -1 0 0 0 0 0 0 0 ];
measures = [0 0 0 0 0 0 0 0 0 0 0 0 0 0 0 0 0 0 0 0 0 0 0 0 0 0 0 0 0 0 0 0 0 0 0 0 0 0 0 0 0 0 1 1 1 1 1 1 1 1 1 1 1 1 1 1 1 1 1 1 1 1 1 1 1 1 1 1 1 1 1 1 1 1 1 1 1 1 1 1 1 1 1 1 1 1 1 1 1 1 1 1 1 1 1 1 1 1 ];
presentations = [1 1 1 1 1 1 1 1 0 0 1 0 0 0 1 0 1 1 1 0 0 0 1 0 0 0 0 0 1 0 0 0 0 0 0 0 1 1 0 1 1 0 1 1 1 0 0 1 0 0 1 1 0 1 1 1 0 1 0 0 0 1 0 0 1 0 0 0 0 0 0 1 0 0 0 1 1 0 0 1 0 0 0 1 1 1 1 0 0 1 1 1 0 0 1 0 0 1 ];
answers = [1 1 1 1 0 1 1 1 0 0 0 0 0 0 1 0 1 1 1 0 0 0 1 0 0 0 0 0 1 0 0 0 0 0 0 0 1 1 0 1 1 0 0 1 0 0 0 1 0 0 1 1 0 1 0 1 0 1 0 0 0 0 0 0 1 0 0 0 0 0 0 1 0 0 0 1 1 0 0 0 0 0 0 1 1 1 1 0 0 0 1 1 0 0 1 0 0 1 ];
adjustments = [-4 -4 -4 -4 12 -4 -2 -2 0 0 6 0 0 0 -1 0 -1 -1 -1 0 0 0 -1 0 0 0 0 0 -1 0 0 0 0 0 0 0 -1 -1 0 -1 -1 0 3 -1 3 0 0 -1 0 0 -1 -1 0 -1 3 -1 0 -1 0 0 0 3 0 0 -1 0 0 0 0 0 0 -1 0 0 0 -1 -1 0 0 3 0 0 0 -1 -1 -1 -1 0 0 3 -1 -1 0 0 -1 0 0 -1 ];
offsets = [1201317 1358516 3105742 2095529 4293040 4427406 3699628 1300873 3387780 4634455 4786507 200534 3842603 1617302 2076036 2677600 2357992 2870033 3746239 2251716 1482446 1369445 1939935 374245 721834 3690380 3443028 66644 3110811 805307 908535 175615 4200164 4436907 2466375 2411099 293012 3724713 4694988 366443 109368 4339241 1757623 1462393 2826410 3179300 1248650 4040878 3281647 1257819 1814667 1249910 2863132 692963 2864467 1213666 3318685 3079911 4440734 3710580 2466431 2047762 4666952 4661605 4725328 1060399 4173530 3128156 2913060 4187410 4209735 1448648 3531636 3986239 1218119 3143574 4882670 3836349 526302 2978028 3703924 3075485 1487361 4858664 1475080 3533612 2541926 3656892 425194 914150 3246115 1502515 1609017 2193539 592805 2563431 3865147 1120464 ];

