# config: "EMA:1.1.0-APPP,ID:listener20-l,SETUP:KK1,SOUNDDEVICE:USB,SOUNDSTREAM:0,SOUNDCHANNELS:1,2"
target=0.75;minreversals=14;discardreversals=4;minmeasures=25;startvalue=20.00;steps=[4  4  2  1];
threshold = [1.00 ];
values = [20.00 16.00 12.00 8.00 4.00 4.00 4.00 4.00 0.00 0.00 0.00 12.00 12.00 8.00 6.00 4.00 2.00 2.00 8.00 7.00 6.00 5.00 4.00 3.00 2.00 2.00 1.00 1.00 0.00 -1.00 -2.00 -2.00 -2.00 1.00 1.00 1.00 0.00 0.00 0.00 -1.00 -2.00 -2.00 -3.00 -4.00 -1.00 -1.00 -1.00 -1.00 -1.00 -1.00 -1.00 -1.00 -1.00 2.00 5.00 5.00 5.00 4.00 3.00 3.00 2.00 2.00 2.00 1.00 1.00 0.00 0.00 -1.00 3.00 2.00 2.00 1.00 1.00 0.00 0.00 -1.00 3.00 2.00 2.00 2.00 1.00 5.00 5.00 5.00 4.00 3.00 2.00 2.00 2.00 2.00 ];
reversals = [0 0 0 0 0 0 0 0 0 0 1 0 -1 0 0 0 0 1 -1 0 0 0 0 0 0 0 0 0 0 0 0 0 1 0 0 -1 0 0 0 0 0 0 0 1 0 0 0 0 0 0 0 0 0 0 0 0 -1 0 0 0 0 0 0 0 0 0 0 1 -1 0 0 0 0 0 0 1 -1 0 0 0 1 0 0 -1 0 0 0 0 0 0 ];
measures = [0 0 0 0 0 0 0 0 0 0 0 0 0 0 0 0 0 0 0 0 0 0 0 0 0 0 0 0 0 0 0 0 1 1 1 1 1 1 1 1 1 1 1 1 1 1 1 1 1 1 1 1 1 1 1 1 1 1 1 1 1 1 1 1 1 1 1 1 1 1 1 1 1 1 1 1 1 1 1 1 1 1 1 1 1 1 1 1 1 1 ];
presentations = [1 1 1 1 0 0 0 1 0 0 1 0 1 1 1 1 0 1 1 1 1 1 1 1 0 1 0 1 1 1 0 0 1 0 0 1 0 0 1 1 0 1 1 1 0 0 0 0 0 0 0 0 1 1 0 0 1 1 0 1 0 0 1 0 1 0 1 0 1 0 1 0 1 0 1 0 1 0 0 1 0 0 0 1 1 1 0 0 0 1 ];
answers = [1 1 1 1 0 0 0 1 0 0 0 0 1 1 1 1 0 0 1 1 1 1 1 1 0 1 0 1 1 1 0 0 0 0 0 1 0 0 1 1 0 1 1 0 0 0 0 0 0 0 0 0 0 0 0 0 1 1 0 1 0 0 1 0 1 0 1 1 1 0 1 0 1 0 1 1 1 0 0 1 1 0 0 1 1 1 0 0 0 1 ];
adjustments = [-4 -4 -4 -4 0 0 0 -4 0 0 12 0 -4 -2 -2 -2 0 6 -1 -1 -1 -1 -1 -1 0 -1 0 -1 -1 -1 0 0 3 0 0 -1 0 0 -1 -1 0 -1 -1 3 0 0 0 0 0 0 0 0 3 3 0 0 -1 -1 0 -1 0 0 -1 0 -1 0 -1 4 -1 0 -1 0 -1 0 -1 4 -1 0 0 -1 4 0 0 -1 -1 -1 0 0 0 -1 ];
offsets = [1554442 754810 4066984 2404977 3286296 2520321 1583097 4661315 305850 5169488 4115554 2060520 1823369 5022855 3643117 1539743 4600925 553834 2317623 4432677 5201678 2987838 2157598 3322697 416396 2750855 2540903 1664129 814727 2636509 4141248 2789796 5235077 5031453 1285079 2352774 4449729 4778528 3256928 2709362 1386286 2611184 2428755 1993365 3709063 2970997 4178449 4257925 2272609 3749505 3381940 4935599 4050862 2046078 1698121 588881 3432328 1434114 1716121 1907447 786250 1207533 4811896 192219 3107256 2892635 710621 4935958 1026707 891597 425529 2427843 1637711 935493 1493450 3209091 2292796 1262868 3586948 5237423 4384264 2238980 3684641 4627617 1417894 188814 993250 966164 4510996 2808287 ];

