# config: "EMA:1.1.0-APPP,ID:listener20-l,SETUP:KK1,SOUNDDEVICE:USB,SOUNDSTREAM:0,SOUNDCHANNELS:1,2"
target=0.75;minreversals=14;discardreversals=4;minmeasures=25;startvalue=20.00;steps=[4  4  2  1];
threshold = [-3.50 ];
values = [20.00 16.00 12.00 8.00 4.00 0.00 0.00 0.00 12.00 8.00 6.00 6.00 4.00 2.00 2.00 0.00 0.00 -2.00 -4.00 -4.00 2.00 1.00 1.00 0.00 -1.00 -2.00 -3.00 -3.00 -3.00 -3.00 -3.00 -3.00 -4.00 -4.00 -5.00 -2.00 -2.00 -2.00 -2.00 -2.00 -2.00 -3.00 -4.00 -4.00 -4.00 -4.00 -5.00 -5.00 -5.00 -2.00 -2.00 -2.00 -3.00 -3.00 -3.00 -4.00 -1.00 -1.00 -2.00 -2.00 -2.00 -3.00 -4.00 -5.00 -6.00 -6.00 -6.00 -6.00 -6.00 -6.00 -6.00 -6.00 -6.00 -3.00 -3.00 -3.00 -4.00 -4.00 -4.00 -5.00 -5.00 -5.00 -6.00 -3.00 -4.00 -4.00 -4.00 -4.00 -4.00 -5.00 -5.00 -6.00 -6.00 -3.00 -4.00 0.00 0.00 0.00 0.00 -1.00 ];
reversals = [0 0 0 0 0 0 0 1 -1 0 0 0 0 0 0 0 0 0 0 1 -1 0 0 0 0 0 0 0 0 0 0 0 0 0 1 0 0 0 0 0 -1 0 0 0 0 0 0 0 1 0 0 -1 0 0 0 1 0 -1 0 0 0 0 0 0 0 0 0 0 0 0 0 0 1 0 0 -1 0 0 0 0 0 0 1 -1 0 0 0 0 0 0 0 0 1 -1 1 0 0 0 -1 0 ];
measures = [0 0 0 0 0 0 0 0 0 0 0 0 0 0 0 0 0 0 0 0 0 0 0 0 0 0 0 0 0 0 0 0 0 0 1 1 1 1 1 1 1 1 1 1 1 1 1 1 1 1 1 1 1 1 1 1 1 1 1 1 1 1 1 1 1 1 1 1 1 1 1 1 1 1 1 1 1 1 1 1 1 1 1 1 1 1 1 1 1 1 1 1 1 1 1 1 1 1 1 1 ];
presentations = [1 1 1 1 1 0 0 1 1 1 0 1 1 0 1 0 1 1 0 1 1 0 1 1 1 1 0 0 0 0 0 1 0 1 1 0 0 0 0 0 1 1 0 0 0 1 0 0 1 0 0 1 0 0 1 1 0 1 0 0 1 1 1 1 0 0 0 0 0 0 0 0 1 0 0 1 0 0 1 0 0 1 1 1 0 0 0 0 1 0 1 0 1 1 0 0 0 0 1 1 ];
answers = [1 1 1 1 1 0 0 0 1 1 0 1 1 0 1 0 1 1 0 0 1 0 1 1 1 1 0 0 0 0 0 1 0 1 0 0 0 0 0 0 1 1 0 0 0 1 0 0 0 0 0 1 0 0 1 0 0 1 0 0 1 1 1 1 0 0 0 0 0 0 0 0 0 0 0 1 0 0 1 0 0 1 0 1 0 0 0 0 1 0 1 0 0 1 1 0 0 0 1 1 ];
adjustments = [-4 -4 -4 -4 -4 0 0 12 -4 -2 0 -2 -2 0 -2 0 -2 -2 0 6 -1 0 -1 -1 -1 -1 0 0 0 0 0 -1 0 -1 3 0 0 0 0 0 -1 -1 0 0 0 -1 0 0 3 0 0 -1 0 0 -1 3 0 -1 0 0 -1 -1 -1 -1 0 0 0 0 0 0 0 0 3 0 0 -1 0 0 -1 0 0 -1 3 -1 0 0 0 0 -1 0 -1 0 3 -1 4 0 0 0 -1 -1 ];
offsets = [2337683 1577405 4055968 2704510 55805 2350012 3191701 2047456 4614837 1836145 4550087 4440104 265595 1248792 508803 3799528 2765683 4413978 1448939 414531 1840424 5142957 1126230 4295926 1112863 3182543 948637 1098366 4569083 290261 2152794 1537199 721333 3364767 931049 1729595 2302833 729060 2156751 3009025 3989251 3932694 4667069 4270525 5164362 2647710 4610044 1398492 2614379 1906464 1100936 3181741 264519 4952038 182439 1430503 1120330 1043204 4712524 1565373 1007585 1955685 3962737 2243866 3201024 4292872 4502261 1982496 3946647 1308124 4623184 2581903 1109049 1241462 1353689 1213399 4890797 4489469 2439427 4138080 4048020 4056506 3748658 879483 3602338 2447529 375873 1008761 1289803 809931 2489966 2813444 1404151 3333308 3752990 4058073 1248781 995660 2464738 4483511 ];

