# config: "EMA:1.1.0-APPP,ID:listener20-l,SETUP:KK1,SOUNDDEVICE:USB,SOUNDSTREAM:0,SOUNDCHANNELS:1,2"
target=0.75;minreversals=14;discardreversals=4;minmeasures=25;startvalue=20.00;steps=[4  4  2  1];
threshold = [-1.00 ];
values = [20.00 16.00 12.00 8.00 8.00 8.00 8.00 4.00 0.00 -4.00 -4.00 -8.00 4.00 4.00 0.00 0.00 8.00 8.00 12.00 11.00 11.00 10.00 9.00 9.00 8.00 7.00 6.00 6.00 5.00 4.00 3.00 2.00 1.00 0.00 -1.00 -2.00 -3.00 -3.00 -4.00 -5.00 -5.00 -5.00 -5.00 -5.00 -2.00 -2.00 -2.00 -2.00 -2.00 -2.00 -3.00 -3.00 -3.00 -3.00 -3.00 -4.00 -4.00 -4.00 -1.00 -1.00 -1.00 2.00 2.00 2.00 2.00 1.00 0.00 -1.00 -1.00 2.00 1.00 0.00 0.00 0.00 -1.00 -2.00 -2.00 1.00 1.00 1.00 1.00 0.00 0.00 0.00 0.00 -1.00 -1.00 -1.00 -1.00 2.00 1.00 0.00 -1.00 -2.00 -2.00 1.00 0.00 0.00 -1.00 ];
reversals = [0 0 0 0 0 0 0 0 0 0 0 1 0 -1 0 1 0 0 -1 0 0 0 0 0 0 0 0 0 0 0 0 0 0 0 0 0 0 0 0 0 0 0 0 1 0 0 0 0 0 -1 0 0 0 0 0 0 0 1 0 0 0 0 0 0 -1 0 0 0 1 -1 0 0 0 0 0 0 1 0 0 0 -1 0 0 0 0 0 0 0 1 -1 0 0 0 0 1 -1 0 0 1 ];
measures = [0 0 0 0 0 0 0 0 0 0 0 0 0 0 0 0 0 0 0 0 0 0 0 0 0 0 0 0 0 0 0 0 0 0 0 0 0 0 0 0 0 0 0 1 1 1 1 1 1 1 1 1 1 1 1 1 1 1 1 1 1 1 1 1 1 1 1 1 1 1 1 1 1 1 1 1 1 1 1 1 1 1 1 1 1 1 1 1 1 1 1 1 1 1 1 1 1 1 1 ];
presentations = [1 1 1 0 0 0 1 1 1 0 1 1 0 1 0 0 0 0 1 0 1 1 0 1 1 1 0 1 1 1 1 1 1 1 1 1 0 1 1 0 0 0 0 1 0 0 0 0 0 1 0 0 0 0 1 0 0 1 0 0 1 0 0 0 1 1 1 0 1 1 1 0 0 1 1 0 1 0 0 0 1 0 0 0 1 0 0 0 1 1 1 1 1 0 1 1 0 1 1 ];
answers = [1 1 1 0 0 0 1 1 1 0 1 0 0 1 0 1 0 1 1 0 1 1 0 1 1 1 0 1 1 1 1 1 1 1 1 1 0 1 1 0 0 0 0 0 0 0 0 0 0 1 0 0 0 0 1 0 0 0 0 0 0 0 0 0 1 1 1 0 0 1 1 0 0 1 1 0 0 0 0 0 1 0 0 0 1 0 0 0 0 1 1 1 1 0 0 1 0 1 0 ];
adjustments = [-4 -4 -4 0 0 0 -4 -4 -4 0 -4 12 0 -4 0 8 0 4 -1 0 -1 -1 0 -1 -1 -1 0 -1 -1 -1 -1 -1 -1 -1 -1 -1 0 -1 -1 0 0 0 0 3 0 0 0 0 0 -1 0 0 0 0 -1 0 0 3 0 0 3 0 0 0 -1 -1 -1 0 3 -1 -1 0 0 -1 -1 0 3 0 0 0 -1 0 0 0 -1 0 0 0 3 -1 -1 -1 -1 0 3 -1 0 -1 3 ];
offsets = [2809364 2656523 821009 812917 1593348 1912284 4193195 1014406 5187735 3215740 115292 5213863 999296 2047931 294287 1980792 1803113 3324537 5151262 2229860 834673 582362 676074 4911584 1748545 2739698 4209653 2183939 4232167 2887493 2508555 546272 2469512 1307196 4529693 1996431 4746368 3543579 4989155 3140645 1918419 1504343 4251853 2491165 994388 546473 4840521 4462889 159125 640981 4053911 2884619 1758400 1243463 4227176 1195008 4948478 4245088 5090233 1258351 3348302 653146 3788289 3552157 2131637 21256 2168224 2117056 3320103 2029509 421372 1644505 4716764 5243390 3985990 2814164 4813628 5132403 441439 2784429 2630856 216927 2458061 3705506 1345001 857691 945812 1062510 4333265 4467185 4462873 4382890 3911454 2389861 3114321 4616229 463530 324443 2793043 ];

