# config: "EMA:1.1.0-APPP,ID:listener20-l,SETUP:KK1,SOUNDDEVICE:USB,SOUNDSTREAM:0,SOUNDCHANNELS:1,2"
target=0.75;minreversals=14;discardreversals=4;minmeasures=25;startvalue=20.00;steps=[4  4  2  1];
threshold = [1.00 ];
values = [20.00 16.00 12.00 8.00 4.00 0.00 12.00 12.00 12.00 12.00 8.00 8.00 6.00 6.00 4.00 2.00 0.00 -2.00 -2.00 -4.00 -4.00 -6.00 0.00 0.00 0.00 3.00 6.00 5.00 5.00 5.00 4.00 3.00 2.00 2.00 2.00 1.00 1.00 1.00 0.00 0.00 4.00 3.00 2.00 2.00 1.00 4.00 3.00 3.00 2.00 1.00 5.00 4.00 3.00 3.00 3.00 2.00 1.00 1.00 0.00 0.00 0.00 0.00 4.00 4.00 4.00 4.00 3.00 2.00 1.00 0.00 0.00 0.00 0.00 -1.00 -2.00 1.00 0.00 -1.00 -2.00 1.00 0.00 ];
reversals = [0 0 0 0 0 1 0 0 0 -1 0 0 0 0 0 0 0 0 0 0 0 1 0 0 0 0 -1 0 0 0 0 0 0 0 0 0 0 0 0 1 -1 0 0 0 1 -1 0 0 0 1 -1 0 0 0 0 0 0 0 0 0 0 1 0 0 0 -1 0 0 0 0 0 0 0 0 1 -1 0 0 1 -1 0 ];
measures = [0 0 0 0 0 0 0 0 0 0 0 0 0 0 0 0 0 0 0 0 0 0 0 0 0 0 0 0 0 0 0 0 0 0 0 0 0 0 0 1 1 1 1 1 1 1 1 1 1 1 1 1 1 1 1 1 1 1 1 1 1 1 1 1 1 1 1 1 1 1 1 1 1 1 1 1 1 1 1 1 1 ];
presentations = [1 1 1 1 1 1 0 0 0 1 0 1 0 1 1 1 1 0 1 0 1 1 0 0 1 1 1 0 0 1 1 1 0 0 1 0 0 1 0 0 1 1 0 1 1 1 0 1 1 0 1 1 0 0 1 1 0 1 0 0 0 0 0 0 0 1 1 1 1 0 0 0 1 1 1 1 1 1 1 1 1 ];
answers = [1 1 1 1 1 0 0 0 0 1 0 1 0 1 1 1 1 0 1 0 1 0 0 0 0 0 1 0 0 1 1 1 0 0 1 0 0 1 0 1 1 1 0 1 0 1 0 1 1 1 1 1 0 0 1 1 0 1 0 0 0 1 0 0 0 1 1 1 1 0 0 0 1 1 0 1 1 1 0 1 1 ];
adjustments = [-4 -4 -4 -4 -4 12 0 0 0 -4 0 -2 0 -2 -2 -2 -2 0 -2 0 -2 6 0 0 3 3 -1 0 0 -1 -1 -1 0 0 -1 0 0 -1 0 4 -1 -1 0 -1 3 -1 0 -1 -1 4 -1 -1 0 0 -1 -1 0 -1 0 0 0 4 0 0 0 -1 -1 -1 -1 0 0 0 -1 -1 3 -1 -1 -1 3 -1 -1 ];
offsets = [1248611 3961005 632398 575064 1476599 3504922 1171534 3054421 1739712 4797946 4508540 1835318 49120 2937449 541050 4468939 1389865 507942 2933212 1423493 740975 121807 1285618 2187910 2939145 4263841 864290 404062 3307296 2609632 2390064 3835143 4339225 3932434 3415504 3046198 409501 781144 23889 331737 1239286 4601315 3177353 2978009 2019896 2478940 4955940 3183378 2317348 264205 445603 2041566 818170 3484372 3074388 514713 3183902 3848806 273175 1692491 1901439 3638243 1993975 2625701 4723007 2287514 2919594 612038 2060182 1523187 4646307 2801832 4319799 2444686 4637585 2909471 272782 537700 4161584 2834996 836268 ];

