# config: "EMA:1.1.0-APPP,ID:listener07-l,SETUP:KK1,SOUNDDEVICE:USB,SOUNDSTREAM:0,SOUNDCHANNELS:1,2"
target=0.50;discardreversals=2;startvalue=0.00;steps=[4  2  1];
threshold = [-6.00 ];
values = [0.00 -2.00 -12.00 -2.00 -5.00 -6.50 -6.00 -4.50 -4.00 -2.50 -5.00 -5.50 -6.00 -4.50 -6.00 -5.50 -6.00 -8.50 -6.00 -7.50 ];
reversals = [0 0 1 -1 0 1 0 0 0 -1 0 0 1 -1 1 -1 0 1 -1 1 ];
measures = [0 0 0 0 0 1 1 1 1 1 1 1 1 1 1 1 1 1 1 1 ];
presentations = [1 2 3 4 5 6 7 8 9 10 11 12 13 14 15 16 17 18 19 20 ];
answers = [3 5 0 4 4 2 1 2 1 5 3 3 1 4 2 3 5 0 4 0 ];
adjustments = [-2 -10 10 -3 -1.5 0.5 1.5 0.5 1.5 -2.5 -0.5 -0.5 1.5 -1.5 0.5 -0.5 -2.5 2.5 -1.5 2.5 ];
sentences = {'89135' '29744' '46393' '63558' '34226' '24621' '10681' '18314' '52277' '82009' '61793' '00456' '95569' '51417' '07970' '33980' '95162' '76802' '47048' '78835' };
offsets = [2355983 5144941 1522696 4481153 5428441 2597765 5476562 2814600 2698648 7542432 5163844 4496241 2638006 8111444 3931155 3501210 2823097 4285260 8086692 495161 ];

