# config: "EMA:1.1.0-APPP,ID:listener07-l,SETUP:KK1,SOUNDDEVICE:USB,SOUNDSTREAM:0,SOUNDCHANNELS:1,2"
target=0.50;discardreversals=2;startvalue=0.00;steps=[4  2  1];
threshold = [-5.50 ];
values = [0.00 -10.00 0.00 -3.00 -5.50 -6.00 -4.50 -4.00 -4.50 -6.00 -5.50 -3.00 -4.50 -6.00 -3.50 -4.00 -6.50 -5.00 -7.50 -5.00 ];
reversals = [0 1 -1 0 0 1 0 -1 0 1 0 -1 0 1 -1 0 1 -1 1 -1 ];
measures = [0 0 0 0 0 1 1 1 1 1 1 1 1 1 1 1 1 1 1 1 ];
presentations = [1 2 3 4 5 6 7 8 9 10 11 12 13 14 15 16 17 18 19 20 ];
answers = [5 0 4 5 3 1 2 3 4 2 0 4 4 0 3 5 1 5 0 3 ];
adjustments = [-10 10 -3 -2.5 -0.5 1.5 0.5 -0.5 -1.5 0.5 2.5 -1.5 -1.5 2.5 -0.5 -2.5 1.5 -2.5 2.5 -0.5 ];
sentences = {'50976' '70762' '51437' '85813' '98162' '33528' '12339' '77705' '65555' '18348' '06251' '34994' '21080' '69444' '86800' '92629' '09216' '44697' '47173' '23081' };
offsets = [1091431 2123992 5861509 7439771 8560186 1539951 8435109 8497649 6449392 3136259 1076248 3540555 8057758 5339500 1030376 738127 674741 533044 7780115 8115413 ];

