# config: "EMA:1.1.0-APPP,ID:listener07-l,SETUP:KK1,SOUNDDEVICE:USB,SOUNDSTREAM:0,SOUNDCHANNELS:1,2"
target=0.50;discardreversals=2;startvalue=0.00;steps=[4  2  1];
threshold = [-16.00 ];
values = [0.00 -6.00 -16.00 -14.00 -17.00 -16.50 -16.00 -16.50 -17.00 -15.50 -15.00 -14.50 -15.00 -14.50 -16.00 -14.50 -16.00 -15.50 -15.00 -12.50 ];
reversals = [0 0 1 -1 1 0 -1 0 1 0 0 -1 1 -1 1 -1 1 0 0 0 ];
measures = [0 0 0 0 1 1 1 1 1 1 1 1 1 1 1 1 1 1 1 1 ];
presentations = [1 2 3 4 5 6 7 8 9 10 11 12 13 14 15 16 17 18 19 20 ];
answers = [4 5 2 4 2 2 3 3 1 2 2 3 2 4 1 4 2 2 0 0 ];
adjustments = [-6 -10 2 -3 0.5 0.5 -0.5 -0.5 1.5 0.5 0.5 -0.5 0.5 -1.5 1.5 -1.5 0.5 0.5 2.5 2.5 ];
sentences = {'91451' '05413' '66127' '26626' '94067' '51779' '39994' '70565' '14040' '43285' '72141' '03676' '35209' '52988' '80338' '29394' '18502' '67850' '87713' '48832' };
offsets = [507814 7635407 7794460 591522 2674122 5884196 5615326 2843634 8369164 6490234 906181 1323053 6530180 2261738 5658181 1928728 4849548 5562895 1434576 4283167 ];

