# config: "EMA:1.1.0-APPP,ID:listener07-l,SETUP:KK1,SOUNDDEVICE:USB,SOUNDSTREAM:0,SOUNDCHANNELS:1,2"
target=0.50;discardreversals=2;startvalue=0.00;steps=[4  2  1];
threshold = [1.50 ];
values = [0.00 2.00 0.00 1.00 2.50 2.00 0.50 -1.00 -1.50 0.00 -1.50 1.00 1.50 2.00 1.50 2.00 1.50 1.00 0.50 2.00 ];
reversals = [0 -1 1 0 -1 0 0 0 1 -1 1 0 0 -1 1 -1 0 0 1 -1 ];
measures = [0 0 0 0 1 1 1 1 1 1 1 1 1 1 1 1 1 1 1 1 ];
presentations = [1 2 3 4 5 6 7 8 9 10 11 12 13 14 15 16 17 18 19 20 ];
answers = [2 3 2 1 3 4 4 3 1 4 0 2 2 3 2 3 3 3 1 5 ];
adjustments = [2 -2 1 1.5 -0.5 -1.5 -1.5 -0.5 1.5 -1.5 2.5 0.5 0.5 -0.5 0.5 -0.5 -0.5 -0.5 1.5 -2.5 ];
sentences = {'66553' '59026' '76802' '18314' '61793' '77974' '47048' '24621' '33980' '52277' '24318' '00456' '03262' '15149' '89135' '48835' '90790' '95569' '31601' '82487' };
offsets = [4453662 666521 4108954 2404548 287711 8421023 7991676 7028522 5376280 8630452 8018154 17028 1969508 8238150 4183361 3643825 541661 6791351 3971574 6978701 ];

