# config: "EMA:1.1.0-APPP,ID:listener07-l,SETUP:KK1,SOUNDDEVICE:USB,SOUNDSTREAM:0,SOUNDCHANNELS:1,2"
target=0.50;discardreversals=2;startvalue=0.00;steps=[4  2  1];
threshold = [-4.75 ];
values = [0.00 -10.00 0.00 -5.00 -3.50 -4.00 -4.50 -4.00 -5.50 -5.00 -5.50 -3.00 -5.50 -7.00 -4.50 -6.00 -3.50 -4.00 -6.50 -4.00 ];
reversals = [0 1 -1 1 -1 0 1 -1 1 -1 1 -1 0 1 -1 1 -1 0 1 -1 ];
measures = [0 0 0 1 1 1 1 1 1 1 1 1 1 1 1 1 1 1 1 1 ];
presentations = [1 2 3 4 5 6 7 8 9 10 11 12 13 14 15 16 17 18 19 20 ];
answers = [5 0 5 1 3 3 2 4 2 3 0 5 4 0 4 0 3 5 0 5 ];
adjustments = [-10 10 -5 1.5 -0.5 -0.5 0.5 -1.5 0.5 -0.5 2.5 -2.5 -1.5 2.5 -1.5 2.5 -0.5 -2.5 2.5 -2.5 ];
sentences = {'16140' '68819' '55025' '30757' '11755' '41634' '99308' '87263' '36514' '93692' '70287' '87470' '08168' '74972' '69009' '22586' '22336' '45923' '54841' '03491' };
offsets = [8624180 3812661 9319567 5676856 9728189 3530685 4252353 2847826 7809489 5314125 9594786 6132665 1800923 6043260 7190312 8753987 2760847 1167720 7892063 3212593 ];

