# config: "EMA:1.1.0-APPP,ID:listener07-l,SETUP:KK1,SOUNDDEVICE:USB,SOUNDSTREAM:0,SOUNDCHANNELS:1,2"
target=0.50;discardreversals=2;startvalue=0.00;steps=[4  2  1];
threshold = [-31.75 ];
values = [0.00 -10.00 -20.00 -30.00 -28.00 -33.00 -31.50 -30.00 -29.50 -29.00 -29.50 -31.00 -32.50 -30.00 -30.50 -33.00 -31.50 -32.00 -29.50 -29.00 ];
reversals = [0 0 0 1 -1 1 0 0 0 -1 0 0 1 -1 0 1 -1 1 0 -1 ];
measures = [0 0 0 0 0 1 1 1 1 1 1 1 1 1 1 1 1 1 1 1 ];
presentations = [1 2 3 4 5 6 7 8 9 10 11 12 13 14 15 16 17 18 19 20 ];
answers = [5 5 5 2 5 1 1 2 2 3 4 4 0 3 5 1 3 0 2 5 ];
adjustments = [-10 -10 -10 2 -5 1.5 1.5 0.5 0.5 -0.5 -1.5 -1.5 2.5 -0.5 -2.5 1.5 -0.5 2.5 0.5 -2.5 ];
sentences = {'91451' '93692' '45923' '22336' '29394' '11755' '66127' '36514' '87470' '08168' '69009' '14040' '35209' '03676' '87713' '54841' '70565' '70287' '52988' '48832' };
offsets = [3632406 3030959 1225587 5897443 2453947 1600484 5461658 4529294 3339189 7413764 6764452 3634230 6726825 2432100 4514760 4631986 1641133 2010591 341150 1429068 ];

