# config: "EMA:1.1.0-APPP,ID:listener07-l,SETUP:KK1,SOUNDDEVICE:USB,SOUNDSTREAM:0,SOUNDCHANNELS:1,2"
target=0.50;discardreversals=2;startvalue=0.00;steps=[4  2  1];
threshold = [-10.50 ];
values = [0.00 -10.00 -12.00 -6.00 -9.00 -10.50 -11.00 -11.50 -9.00 -9.50 -9.00 -9.50 -12.00 -13.50 -12.00 -10.50 -13.00 -10.50 -12.00 -12.50 ];
reversals = [0 0 1 -1 0 0 0 1 -1 1 -1 0 0 1 0 -1 1 -1 0 1 ];
measures = [0 0 0 0 0 0 0 1 1 1 1 1 1 1 1 1 1 1 1 1 ];
presentations = [1 2 3 4 5 6 7 8 9 10 11 12 13 14 15 16 17 18 19 20 ];
answers = [5 3 1 4 4 3 3 0 3 2 3 5 4 1 1 5 0 4 3 1 ];
adjustments = [-10 -2 6 -3 -1.5 -0.5 -0.5 2.5 -0.5 0.5 -0.5 -2.5 -1.5 1.5 1.5 -2.5 2.5 -1.5 -0.5 1.5 ];
sentences = {'33528' '77705' '44697' '50976' '91451' '69444' '48832' '66127' '70565' '14040' '98162' '87713' '03676' '52988' '12339' '85813' '21080' '06251' '35209' '29394' };
offsets = [6860927 2370768 9115330 8836469 7630271 875730 4924078 3005999 7976306 5921816 9367056 7209617 3094310 3145513 2715736 5043402 560702 5729106 3037593 8946316 ];

