# config: "EMA:1.1.0-APPP,ID:listener07-l,SETUP:KK1,SOUNDDEVICE:USB,SOUNDSTREAM:0,SOUNDCHANNELS:1,2"
target=0.50;discardreversals=2;startvalue=0.00;steps=[4  2  1];
threshold = [-32.50 ];
values = [0.00 -10.00 -20.00 -30.00 -32.00 -30.00 -33.00 -34.50 -32.00 -32.50 -31.00 -32.50 -33.00 -35.50 -33.00 -31.50 -30.00 -31.50 -32.00 -33.50 ];
reversals = [0 0 0 0 1 -1 0 1 -1 1 -1 0 0 1 0 0 -1 0 0 1 ];
measures = [0 0 0 0 0 0 0 1 1 1 1 1 1 1 1 1 1 1 1 1 ];
presentations = [1 2 3 4 5 6 7 8 9 10 11 12 13 14 15 16 17 18 19 20 ];
answers = [5 5 5 3 2 4 4 0 3 1 4 3 5 0 1 1 4 3 4 2 ];
adjustments = [-10 -10 -10 -2 2 -3 -1.5 2.5 -0.5 1.5 -1.5 -0.5 -2.5 2.5 1.5 1.5 -1.5 -0.5 -1.5 0.5 ];
sentences = {'93692' '85813' '33528' '69009' '36514' '50976' '87470' '11755' '98162' '12339' '69444' '77705' '70287' '06251' '08168' '54841' '22336' '21080' '44697' '45923' };
offsets = [6218468 170323 1261251 3251821 2419467 1045523 933173 5572725 5792274 1517081 6318041 198161 6733966 1669557 5295113 1934041 1665826 6084309 2684659 4140369 ];

