# config: "EMA:1.1.0-APPP,ID:listener07-l,SETUP:KK1,SOUNDDEVICE:USB,SOUNDSTREAM:0,SOUNDCHANNELS:1,2"
target=0.50;discardreversals=2;startvalue=0.00;steps=[4  2  1];
threshold = [-7.50 ];
values = [0.00 -6.00 0.00 -1.00 -3.50 -6.00 -6.50 -7.00 -5.50 -7.00 -8.50 -8.00 -6.50 -8.00 -7.50 -10.00 -7.50 -8.00 -7.50 -7.00 ];
reversals = [0 1 -1 0 0 0 0 1 -1 0 1 0 -1 1 -1 1 -1 1 0 -1 ];
measures = [0 0 0 0 0 0 0 1 1 1 1 1 1 1 1 1 1 1 1 1 ];
presentations = [1 2 3 4 5 6 7 8 9 10 11 12 13 14 15 16 17 18 19 20 ];
answers = [4 1 3 5 5 3 3 1 4 4 2 1 4 2 5 0 3 2 2 4 ];
adjustments = [-6 6 -1 -2.5 -2.5 -0.5 -0.5 1.5 -1.5 -1.5 0.5 1.5 -1.5 0.5 -2.5 2.5 -0.5 0.5 0.5 -1.5 ];
sentences = {'43285' '18502' '67850' '34226' '95162' '78835' '94067' '51779' '46393' '39994' '29744' '63558' '05413' '80338' '10681' '72141' '26626' '51417' '82009' '07970' };
offsets = [2246535 8184582 7685912 2821875 1971654 1275335 3648216 2659968 975432 8261688 1873234 3540216 4850850 3944207 2016047 4896895 4210836 7001463 1964198 2916730 ];

