# config: "EMA:1.1.0-APPP,ID:listener07-l,SETUP:KK1,SOUNDDEVICE:USB,SOUNDSTREAM:0,SOUNDCHANNELS:1,2"
target=0.50;discardreversals=2;startvalue=0.00;steps=[4  2  1];
threshold = [-2.50 ];
values = [0.00 -2.00 8.00 5.00 2.50 0.00 0.50 0.00 -2.50 -2.00 -1.50 -3.00 -3.50 -5.00 -5.50 -4.00 -5.50 -3.00 -2.50 -3.00 ];
reversals = [0 1 -1 0 0 1 -1 0 1 0 -1 0 0 0 1 -1 1 0 -1 0 ];
measures = [0 0 0 0 0 1 1 1 1 1 1 1 1 1 1 1 1 1 1 1 ];
presentations = [1 2 3 4 5 6 7 8 9 10 11 12 13 14 15 16 17 18 19 20 ];
answers = [3 0 4 5 5 2 3 5 2 2 4 3 4 3 1 4 0 2 3 3 ];
adjustments = [-2 10 -3 -2.5 -2.5 0.5 -0.5 -2.5 0.5 0.5 -1.5 -0.5 -1.5 -0.5 1.5 -1.5 2.5 0.5 -0.5 -0.5 ];
sentences = {'52988' '66127' '14040' '03676' '54841' '69009' '70565' '87470' '36514' '91451' '22336' '11755' '93692' '70287' '29394' '35209' '87713' '08168' '48832' '45923' };
offsets = [221497 7610569 146750 5099418 5252247 8914697 9745251 1401242 7128079 4265930 7437331 6038770 3452746 1235796 6975961 3854428 5483662 1971297 7176261 2954396 ];

