# config: "EMA:1.1.0-APPP,ID:listener07-l,SETUP:KK1,SOUNDDEVICE:USB,SOUNDSTREAM:0,SOUNDCHANNELS:1,2"
target=0.50;discardreversals=2;startvalue=0.00;steps=[4  2  1];
threshold = [-17.50 ];
values = [0.00 -10.00 -12.00 -22.00 -12.00 -11.00 -16.00 -15.50 -16.00 -17.50 -18.00 -18.50 -19.00 -17.50 -18.00 -19.50 -17.00 -16.50 -18.00 -18.50 ];
reversals = [0 0 0 1 0 -1 1 -1 0 0 0 0 1 -1 0 1 0 -1 0 1 ];
measures = [0 0 0 0 0 0 1 1 1 1 1 1 1 1 1 1 1 1 1 1 ];
presentations = [1 2 3 4 5 6 7 8 9 10 11 12 13 14 15 16 17 18 19 20 ];
answers = [5 3 5 0 2 5 2 3 4 3 3 3 1 3 4 0 2 4 3 1 ];
adjustments = [-10 -2 -10 10 1 -5 0.5 -0.5 -1.5 -0.5 -0.5 -0.5 1.5 -0.5 -1.5 2.5 0.5 -1.5 -0.5 1.5 ];
sentences = {'23081' '86800' '89135' '18348' '09216' '65555' '18314' '92629' '00456' '95569' '70762' '47048' '51437' '76802' '47173' '34994' '33980' '52277' '24621' '61793' };
offsets = [1779366 4894602 4332072 2730281 2241770 4604883 1091312 1541667 4692096 5499421 4295051 3408776 1086964 739941 674061 8589 1567130 6924074 1789406 4396797 ];

