# config: "EMA:1.1.0-APPP,ID:listener07-l,SETUP:KK1,SOUNDDEVICE:USB,SOUNDSTREAM:0,SOUNDCHANNELS:1,2"
target=0.50;discardreversals=2;startvalue=0.00;steps=[4  2  1];
threshold = [-3.75 ];
values = [0.00 -6.00 -8.00 -2.00 -3.00 -4.50 -5.00 -5.50 -5.00 -4.50 -2.00 -3.50 -5.00 -4.50 -4.00 -3.50 -1.00 -2.50 -4.00 -3.50 ];
reversals = [0 0 1 -1 0 0 0 1 0 0 -1 0 1 0 0 0 -1 0 1 -1 ];
measures = [0 0 0 0 0 0 0 1 1 1 1 1 1 1 1 1 1 1 1 1 ];
presentations = [1 2 3 4 5 6 7 8 9 10 11 12 13 14 15 16 17 18 19 20 ];
answers = [4 3 1 3 4 3 3 2 2 0 4 4 2 2 2 0 4 4 2 3 ];
adjustments = [-6 -2 6 -1 -1.5 -0.5 -0.5 0.5 0.5 2.5 -1.5 -1.5 0.5 0.5 0.5 2.5 -1.5 -1.5 0.5 -0.5 ];
sentences = {'95162' '18314' '00456' '61793' '24621' '78835' '95569' '63558' '76802' '07970' '10681' '46393' '89135' '51417' '47048' '29744' '52277' '34226' '33980' '82009' };
offsets = [2553126 5331622 3741362 4724680 6771151 1553845 3098280 6717365 7254463 1194280 2628508 8031177 4366347 5586894 6150143 1462449 507694 1169049 8255297 8078850 ];

