# config: "EMA:1.1.0-APPP,ID:listener07-l,SETUP:KK1,SOUNDDEVICE:USB,SOUNDSTREAM:0,SOUNDCHANNELS:1,2"
target=0.50;discardreversals=2;startvalue=0.00;steps=[4  2  1];
threshold = [-1.00 ];
values = [0.00 -6.00 0.00 1.00 4.00 1.00 1.50 0.00 -1.50 -1.00 -0.50 -2.00 -0.50 -1.00 -0.50 -3.00 -2.50 -1.00 -2.50 -3.00 ];
reversals = [0 1 0 0 -1 1 -1 0 1 0 -1 1 -1 1 -1 1 0 -1 0 1 ];
measures = [0 0 0 0 0 1 1 1 1 1 1 1 1 1 1 1 1 1 1 1 ];
presentations = [1 2 3 4 5 6 7 8 9 10 11 12 13 14 15 16 17 18 19 20 ];
answers = [4 1 2 1 4 2 4 4 2 2 4 1 3 2 5 2 1 4 3 2 ];
adjustments = [-6 6 1 3 -3 0.5 -1.5 -1.5 0.5 0.5 -1.5 1.5 -0.5 0.5 -2.5 0.5 1.5 -1.5 -0.5 0.5 ];
sentences = {'82009' '70762' '34994' '65555' '86800' '92629' '78835' '23081' '46393' '34226' '10681' '09216' '51437' '29744' '47173' '95162' '63558' '07970' '18348' '51417' };
offsets = [6940020 3796411 5157498 8392162 9783613 4497898 1823974 1340274 7762755 8826250 3624470 2084674 1175229 8185878 4438531 5183474 6184480 7466307 4547827 4619300 ];

