# config: "EMA:1.1.0-APPP,ID:listener07-l,SETUP:KK1,SOUNDDEVICE:USB,SOUNDSTREAM:0,SOUNDCHANNELS:1,2"
target=0.50;discardreversals=2;startvalue=0.00;steps=[4  2  1];
threshold = [-36.75 ];
values = [0.00 -10.00 -20.00 -30.00 -36.00 -34.00 -35.00 -34.50 -37.00 -36.50 -38.00 -35.50 -38.00 -36.50 -37.00 -38.50 -37.00 -37.50 -36.00 -35.50 ];
reversals = [0 0 0 0 1 -1 1 -1 1 -1 1 -1 1 -1 0 1 -1 1 0 -1 ];
measures = [0 0 0 0 0 0 1 1 1 1 1 1 1 1 1 1 1 1 1 1 ];
presentations = [1 2 3 4 5 6 7 8 9 10 11 12 13 14 15 16 17 18 19 20 ];
answers = [5 5 5 4 2 3 2 5 2 4 0 5 1 3 4 1 3 1 2 4 ];
adjustments = [-10 -10 -10 -6 2 -1 0.5 -2.5 0.5 -1.5 2.5 -2.5 1.5 -0.5 -1.5 1.5 -0.5 1.5 0.5 -1.5 ];
sentences = {'23448' '29744' '82009' '78835' '15952' '90013' '51417' '02737' '76600' '46393' '34226' '07970' '68271' '51195' '37886' '89364' '95162' '63558' '10681' '44529' };
offsets = [5121731 4409416 3341573 5496334 1599398 2396538 1638544 5436652 1758196 3777300 1956611 1408771 2580288 3772832 6708277 7171065 4730526 2922003 3125830 6790415 ];

