# config: "EMA:1.1.0-APPP,ID:listener07-l,SETUP:KK1,SOUNDDEVICE:USB,SOUNDSTREAM:0,SOUNDCHANNELS:1,2"
target=0.50;discardreversals=2;startvalue=0.00;steps=[4  2  1];
threshold = [-9.00 ];
values = [0.00 -2.00 0.00 -3.00 -3.50 -4.00 -6.50 -7.00 -4.50 -5.00 -5.50 -6.00 -6.50 -8.00 -10.50 -9.00 -9.50 -9.00 -9.50 -11.00 ];
reversals = [0 1 -1 0 0 0 0 1 -1 0 0 0 0 0 1 -1 1 -1 0 1 ];
measures = [0 0 0 0 0 0 0 1 1 1 1 1 1 1 1 1 1 1 1 1 ];
presentations = [1 2 3 4 5 6 7 8 9 10 11 12 13 14 15 16 17 18 19 20 ];
answers = [3 2 4 3 3 5 3 0 3 3 3 3 4 5 1 3 2 3 4 0 ];
adjustments = [-2 2 -3 -0.5 -0.5 -2.5 -0.5 2.5 -0.5 -0.5 -0.5 -0.5 -1.5 -2.5 1.5 -0.5 0.5 -0.5 -1.5 2.5 ];
sentences = {'43285' '94067' '61793' '89135' '33980' '47048' '39994' '76802' '24621' '18502' '52277' '18314' '05413' '95569' '00456' '80338' '67850' '72141' '26626' '51779' };
offsets = [7655659 7518241 1049270 5637234 3936687 2306371 3296040 4520706 939306 485853 4203916 3922324 5744096 1999671 5368577 5569183 4752547 8323237 4965998 4010723 ];

