# config: "EMA:1.1.0-APPP,ID:listener07-l,SETUP:KK1,SOUNDDEVICE:USB,SOUNDSTREAM:0,SOUNDCHANNELS:1,2"
target=0.75;minreversals=14;discardreversals=4;minmeasures=25;startvalue=20.00;steps=[4  4  2  1];
threshold = [0.00 ];
values = [20.00 32.00 28.00 24.00 20.00 16.00 16.00 16.00 16.00 16.00 16.00 16.00 12.00 12.00 8.00 4.00 0.00 0.00 -4.00 8.00 6.00 6.00 6.00 6.00 5.00 4.00 4.00 3.00 2.00 1.00 0.00 0.00 0.00 3.00 3.00 3.00 3.00 2.00 2.00 2.00 2.00 1.00 0.00 -1.00 -1.00 -1.00 -2.00 -2.00 -3.00 -3.00 0.00 -1.00 -1.00 -1.00 -2.00 -3.00 0.00 0.00 0.00 0.00 0.00 -1.00 2.00 1.00 1.00 1.00 0.00 0.00 0.00 -1.00 -2.00 -2.00 -2.00 1.00 1.00 0.00 -1.00 -1.00 -1.00 -1.00 -1.00 -2.00 1.00 0.00 0.00 -1.00 ];
reversals = [0 -1 0 0 0 0 0 0 0 0 0 0 0 0 0 0 0 0 1 -1 0 0 0 0 0 0 0 0 0 0 0 0 1 0 0 0 -1 0 0 0 0 0 0 0 0 0 0 0 0 1 -1 0 0 0 0 1 0 0 0 0 -1 1 -1 0 0 0 0 0 0 0 0 0 1 0 -1 0 0 0 0 0 0 1 -1 0 0 0 ];
measures = [0 0 0 0 0 0 0 0 0 0 0 0 0 0 0 0 0 0 0 0 0 0 0 0 0 0 0 0 0 0 0 0 0 0 0 0 1 1 1 1 1 1 1 1 1 1 1 1 1 1 1 1 1 1 1 1 1 1 1 1 1 1 1 1 1 1 1 1 1 1 1 1 1 1 1 1 1 1 1 1 1 1 1 1 1 1 ];
presentations = [1 1 1 1 1 0 0 0 0 0 0 1 0 1 1 1 0 1 1 1 0 0 0 1 1 0 1 1 1 1 0 0 1 0 0 0 1 0 0 0 1 1 1 0 0 1 0 1 0 1 1 0 0 1 1 1 0 0 0 0 1 1 1 0 0 1 0 0 1 1 0 0 1 0 1 1 0 0 0 0 1 1 1 0 1 1 ];
answers = [0 1 1 1 1 0 0 0 0 0 0 1 0 1 1 1 0 1 0 1 0 0 0 1 1 0 1 1 1 1 0 0 0 0 0 0 1 0 0 0 1 1 1 0 0 1 0 1 0 0 1 0 0 1 1 0 0 0 0 0 1 0 1 0 0 1 0 0 1 1 0 0 0 0 1 1 0 0 0 0 1 0 1 0 1 1 ];
adjustments = [12 -4 -4 -4 -4 0 0 0 0 0 0 -4 0 -4 -4 -4 0 -4 12 -2 0 0 0 -1 -1 0 -1 -1 -1 -1 0 0 3 0 0 0 -1 0 0 0 -1 -1 -1 0 0 -1 0 -1 0 3 -1 0 0 -1 -1 3 0 0 0 0 -1 3 -1 0 0 -1 0 0 -1 -1 0 0 3 0 -1 -1 0 0 0 0 -1 3 -1 0 -1 -1 ];
offsets = [298072 2187775 3243076 1001682 670345 4621354 3535770 734273 200073 1575449 1422045 67234 4660293 1741206 164206 4181687 3095217 3127839 792068 327600 439756 4324869 397603 5037278 4738890 1767735 4394798 722771 5011996 4557571 1535461 1918719 1079864 3750313 2075296 1452706 4829153 2386904 1742140 3020690 1749018 4179892 5107987 4735667 292873 4467726 299098 4559388 3838197 2929354 2894583 4357507 2404702 4774128 2179148 1565723 1661045 178320 2174155 1235534 1744813 2495075 3451755 5036721 2045241 877306 3895008 1762312 1370398 3568093 3524445 1993275 3684146 2738038 2658898 984691 3907156 918655 1718645 2107077 3198144 570566 1573469 2148275 539586 3685811 ];

