# config: "EMA:1.1.0-APPP,ID:listener07-l,SETUP:KK1,SOUNDDEVICE:USB,SOUNDSTREAM:0,SOUNDCHANNELS:1,2"
target=0.75;minreversals=14;discardreversals=4;minmeasures=25;startvalue=20.00;steps=[4  4  2  1];
threshold = [2.00 ];
values = [20.00 16.00 12.00 8.00 8.00 4.00 4.00 4.00 4.00 4.00 0.00 0.00 12.00 8.00 6.00 6.00 4.00 4.00 2.00 2.00 0.00 0.00 -2.00 -2.00 -2.00 -2.00 4.00 3.00 2.00 1.00 0.00 3.00 2.00 2.00 1.00 1.00 0.00 0.00 0.00 -1.00 2.00 2.00 1.00 0.00 0.00 3.00 2.00 2.00 2.00 1.00 1.00 0.00 0.00 0.00 3.00 2.00 1.00 0.00 0.00 0.00 0.00 -1.00 -1.00 2.00 2.00 2.00 2.00 1.00 1.00 0.00 3.00 3.00 2.00 5.00 4.00 4.00 ];
reversals = [0 0 0 0 0 0 0 0 0 0 0 1 -1 0 0 0 0 0 0 0 0 0 0 0 0 1 -1 0 0 0 1 -1 0 0 0 0 0 0 0 1 0 -1 0 0 1 -1 0 0 0 0 0 0 0 1 -1 0 0 0 0 0 0 0 1 0 0 0 -1 0 0 1 0 -1 1 -1 0 0 ];
measures = [0 0 0 0 0 0 0 0 0 0 0 0 0 0 0 0 0 0 0 0 0 0 0 0 0 0 0 0 0 0 1 1 1 1 1 1 1 1 1 1 1 1 1 1 1 1 1 1 1 1 1 1 1 1 1 1 1 1 1 1 1 1 1 1 1 1 1 1 1 1 1 1 1 1 1 1 ];
presentations = [1 1 1 0 1 0 0 0 0 1 0 1 1 1 0 1 0 1 0 1 0 1 0 0 0 1 1 1 1 1 1 1 0 1 0 1 0 0 1 1 0 1 1 0 1 1 0 0 1 0 1 0 0 1 1 1 1 0 0 0 1 0 1 0 0 0 1 0 1 1 0 1 1 1 0 1 ];
answers = [1 1 1 0 1 0 0 0 0 1 0 0 1 1 0 1 0 1 0 1 0 1 0 0 0 0 1 1 1 1 0 1 0 1 0 1 0 0 1 0 0 1 1 0 0 1 0 0 1 0 1 0 0 0 1 1 1 0 0 0 1 0 0 0 0 0 1 0 1 0 0 1 0 1 0 1 ];
adjustments = [-4 -4 -4 0 -4 0 0 0 0 -4 0 12 -4 -2 0 -2 0 -2 0 -2 0 -2 0 0 0 6 -1 -1 -1 -1 3 -1 0 -1 0 -1 0 0 -1 3 0 -1 -1 0 3 -1 0 0 -1 0 -1 0 0 3 -1 -1 -1 0 0 0 -1 0 3 0 0 0 -1 0 -1 3 0 -1 3 -1 0 -1 ];
offsets = [1806479 5003103 4039076 2413810 3154460 3754847 2021213 237818 4353874 792945 3432900 2177948 1073346 2632072 3346196 5008700 4899409 1429436 4156040 4266392 2281061 1474949 3405585 2218200 3399933 3899774 5057632 672087 1501666 285086 4553781 1527933 3586493 767331 1844112 440683 2112405 4479830 325783 218016 5155378 2585496 4001128 485607 5123372 4351911 1671346 1351564 4687810 2895372 881916 104764 243057 3763532 1835604 1811859 430810 3407680 1791113 4425844 2439444 2986122 3132537 5184002 760176 628625 5063740 1349834 3170593 1740541 4800988 3265800 5147003 2400934 237810 3235679 ];

