# config: "EMA:1.1.0-APPP,ID:listener07-l,SETUP:KK1,SOUNDDEVICE:USB,SOUNDSTREAM:0,SOUNDCHANNELS:1,2"
target=0.75;minreversals=14;discardreversals=4;minmeasures=25;startvalue=20.00;steps=[4  4  2  1];
threshold = [9.00 ];
values = [20.00 16.00 12.00 8.00 20.00 20.00 16.00 16.00 16.00 14.00 14.00 14.00 12.00 12.00 12.00 10.00 8.00 8.00 8.00 6.00 6.00 6.00 12.00 11.00 10.00 9.00 9.00 9.00 9.00 9.00 8.00 11.00 10.00 10.00 10.00 9.00 8.00 8.00 7.00 7.00 7.00 7.00 10.00 10.00 9.00 8.00 11.00 10.00 10.00 10.00 9.00 8.00 7.00 10.00 10.00 10.00 9.00 9.00 9.00 8.00 8.00 7.00 7.00 10.00 10.00 9.00 8.00 8.00 8.00 11.00 11.00 10.00 9.00 8.00 8.00 ];
reversals = [0 0 0 1 0 -1 0 0 0 0 0 0 0 0 0 0 0 0 0 0 0 1 -1 0 0 0 0 0 0 0 1 -1 0 0 0 0 0 0 0 0 0 1 0 -1 0 1 -1 0 0 0 0 0 1 0 0 -1 0 0 0 0 0 0 1 0 -1 0 0 0 1 0 -1 0 0 0 0 ];
measures = [0 0 0 0 0 0 0 0 0 0 0 0 0 0 0 0 0 0 0 0 0 0 0 0 0 0 0 0 0 0 1 1 1 1 1 1 1 1 1 1 1 1 1 1 1 1 1 1 1 1 1 1 1 1 1 1 1 1 1 1 1 1 1 1 1 1 1 1 1 1 1 1 1 1 1 ];
presentations = [1 1 1 1 0 1 0 0 1 0 0 1 0 0 1 1 0 0 1 0 0 1 1 1 1 0 0 0 0 1 1 1 0 0 1 1 0 1 0 0 0 1 0 1 1 1 1 0 0 1 1 1 1 0 0 1 0 0 1 0 1 0 1 0 1 1 0 0 1 0 1 1 1 0 1 ];
answers = [1 1 1 0 0 1 0 0 1 0 0 1 0 0 1 1 0 0 1 0 0 0 1 1 1 0 0 0 0 1 0 1 0 0 1 1 0 1 0 0 0 0 0 1 1 0 1 0 0 1 1 1 0 0 0 1 0 0 1 0 1 0 0 0 1 1 0 0 0 0 1 1 1 0 1 ];
adjustments = [-4 -4 -4 12 0 -4 0 0 -2 0 0 -2 0 0 -2 -2 0 0 -2 0 0 6 -1 -1 -1 0 0 0 0 -1 3 -1 0 0 -1 -1 0 -1 0 0 0 3 0 -1 -1 3 -1 0 0 -1 -1 -1 3 0 0 -1 0 0 -1 0 -1 0 3 0 -1 -1 0 0 3 0 -1 -1 -1 0 -1 ];
offsets = [3828691 2657269 466969 2837529 5093558 3867810 4264412 5001611 1573647 3293879 2909921 1801637 4325137 3454824 4430720 3389150 5186901 3457159 3889484 721161 3047071 44324 2252374 173695 1310544 3169245 164801 648486 2935241 4947915 2988620 4543221 134196 3570585 1917023 4147193 4024227 4831466 2231263 334573 3659689 2385772 4639186 210212 2553439 2532129 3182636 3988242 4347821 2829141 1223493 760781 2724036 1147352 3664565 2299157 1678615 4181069 44165 4088065 3009618 1592248 4284229 735799 3967561 4293880 3883669 5227418 356263 4531298 2783594 3270282 3844308 4482346 2088833 ];

