# config: "EMA:1.1.0-APPP,ID:listener07-l,SETUP:KK1,SOUNDDEVICE:USB,SOUNDSTREAM:0,SOUNDCHANNELS:1,2"
target=0.75;minreversals=14;discardreversals=4;minmeasures=25;startvalue=20.00;steps=[4  4  2  1];
threshold = [3.00 ];
values = [20.00 16.00 12.00 8.00 4.00 16.00 16.00 16.00 12.00 12.00 10.00 10.00 10.00 10.00 10.00 8.00 6.00 6.00 4.00 4.00 10.00 9.00 9.00 8.00 8.00 7.00 6.00 5.00 4.00 4.00 4.00 4.00 4.00 3.00 3.00 3.00 2.00 5.00 4.00 3.00 2.00 5.00 4.00 4.00 3.00 3.00 2.00 5.00 4.00 3.00 3.00 3.00 3.00 6.00 5.00 4.00 3.00 3.00 2.00 1.00 1.00 1.00 1.00 0.00 0.00 0.00 0.00 3.00 3.00 3.00 6.00 6.00 6.00 6.00 5.00 4.00 4.00 4.00 3.00 3.00 3.00 3.00 3.00 3.00 2.00 ];
reversals = [0 0 0 0 1 0 0 -1 0 0 0 0 0 0 0 0 0 0 0 1 -1 0 0 0 0 0 0 0 0 0 0 0 0 0 0 0 1 -1 0 0 1 -1 0 0 0 0 1 -1 0 0 0 0 1 -1 0 0 0 0 0 0 0 0 0 0 0 0 1 0 0 0 0 0 0 -1 0 0 0 0 0 0 0 0 0 0 1 ];
measures = [0 0 0 0 0 0 0 0 0 0 0 0 0 0 0 0 0 0 0 0 0 0 0 0 0 0 0 0 0 0 0 0 0 0 0 0 1 1 1 1 1 1 1 1 1 1 1 1 1 1 1 1 1 1 1 1 1 1 1 1 1 1 1 1 1 1 1 1 1 1 1 1 1 1 1 1 1 1 1 1 1 1 1 1 1 ];
presentations = [1 1 1 1 1 0 0 1 0 1 0 0 0 0 1 1 0 1 0 1 1 0 1 0 1 1 1 1 0 0 0 0 1 0 0 1 1 1 1 1 1 1 0 1 0 1 1 1 1 0 0 0 1 1 1 1 0 1 1 0 0 0 1 0 0 0 1 0 0 1 0 0 0 1 1 0 0 1 0 0 0 0 0 1 1 ];
answers = [1 1 1 1 0 0 0 1 0 1 0 0 0 0 1 1 0 1 0 0 1 0 1 0 1 1 1 1 0 0 0 0 1 0 0 1 0 1 1 1 0 1 0 1 0 1 0 1 1 0 0 0 0 1 1 1 0 1 1 0 0 0 1 0 0 0 0 0 0 0 0 0 0 1 1 0 0 1 0 0 0 0 0 1 0 ];
adjustments = [-4 -4 -4 -4 12 0 0 -4 0 -2 0 0 0 0 -2 -2 0 -2 0 6 -1 0 -1 0 -1 -1 -1 -1 0 0 0 0 -1 0 0 -1 3 -1 -1 -1 3 -1 0 -1 0 -1 3 -1 -1 0 0 0 3 -1 -1 -1 0 -1 -1 0 0 0 -1 0 0 0 3 0 0 3 0 0 0 -1 -1 0 0 -1 0 0 0 0 0 -1 3 ];
offsets = [1524000 1615618 4983682 277436 4723290 2422265 1751443 2738236 2831371 2404525 115966 2549490 123838 60570 4903012 3089935 1209668 672256 3826001 1224309 3107807 4289659 3356631 2080117 931825 2996589 229286 850573 2570229 3928231 2984792 2266284 189330 3391319 4365819 2762076 1284941 984717 2042956 2904073 1763803 5112995 2454224 4784189 3739815 3050938 2032011 3674671 195007 4487675 1131212 444818 3392543 4659679 1705894 1762702 2908519 5187790 3951965 4678835 2622212 2318504 3471721 159788 4848304 2557378 1059477 2240282 1327541 4153471 3783983 3844021 1364471 1617001 1826328 1282653 4779414 747574 3059473 524168 676047 287393 1310845 1264124 3604836 ];

