# config: "EMA:1.1.0-APPP,ID:listener07-l,SETUP:KK1,SOUNDDEVICE:USB,SOUNDSTREAM:0,SOUNDCHANNELS:1,2"
target=0.75;minreversals=14;discardreversals=4;minmeasures=25;startvalue=20.00;steps=[4  4  2  1];
threshold = [7.00 ];
values = [20.00 16.00 12.00 8.00 20.00 16.00 16.00 14.00 14.00 12.00 10.00 10.00 8.00 6.00 12.00 12.00 12.00 12.00 12.00 11.00 11.00 11.00 11.00 10.00 9.00 8.00 7.00 7.00 7.00 7.00 6.00 5.00 5.00 5.00 5.00 4.00 4.00 4.00 4.00 4.00 7.00 7.00 6.00 5.00 5.00 5.00 8.00 7.00 10.00 9.00 9.00 8.00 8.00 8.00 7.00 6.00 5.00 5.00 5.00 5.00 4.00 7.00 6.00 6.00 5.00 5.00 4.00 7.00 7.00 6.00 6.00 5.00 8.00 8.00 8.00 8.00 7.00 7.00 6.00 6.00 6.00 5.00 5.00 4.00 ];
reversals = [0 0 0 1 -1 0 0 0 0 0 0 0 0 1 0 0 0 0 -1 0 0 0 0 0 0 0 0 0 0 0 0 0 0 0 0 0 0 0 0 1 0 -1 0 0 0 1 -1 1 -1 0 0 0 0 0 0 0 0 0 0 0 1 -1 0 0 0 0 1 0 -1 0 0 1 0 0 0 -1 0 0 0 0 0 0 0 1 ];
measures = [0 0 0 0 0 0 0 0 0 0 0 0 0 0 0 0 0 0 0 0 0 0 0 0 0 0 0 0 0 0 0 0 0 0 0 0 0 0 0 1 1 1 1 1 1 1 1 1 1 1 1 1 1 1 1 1 1 1 1 1 1 1 1 1 1 1 1 1 1 1 1 1 1 1 1 1 1 1 1 1 1 1 1 1 ];
presentations = [1 1 1 1 1 0 1 0 1 1 0 1 1 1 0 0 0 0 1 0 0 0 1 1 1 1 0 0 0 1 1 0 0 0 1 0 0 0 0 1 0 1 1 0 0 1 1 1 1 0 1 0 0 1 1 1 0 0 0 1 1 1 0 1 0 1 1 0 1 0 1 1 0 0 0 1 0 1 0 0 1 0 1 1 ];
answers = [1 1 1 0 1 0 1 0 1 1 0 1 1 0 0 0 0 0 1 0 0 0 1 1 1 1 0 0 0 1 1 0 0 0 1 0 0 0 0 0 0 1 1 0 0 0 1 0 1 0 1 0 0 1 1 1 0 0 0 1 0 1 0 1 0 1 0 0 1 0 1 0 0 0 0 1 0 1 0 0 1 0 1 0 ];
adjustments = [-4 -4 -4 12 -4 0 -2 0 -2 -2 0 -2 -2 6 0 0 0 0 -1 0 0 0 -1 -1 -1 -1 0 0 0 -1 -1 0 0 0 -1 0 0 0 0 3 0 -1 -1 0 0 3 -1 3 -1 0 -1 0 0 -1 -1 -1 0 0 0 -1 3 -1 0 -1 0 -1 3 0 -1 0 -1 3 0 0 0 -1 0 -1 0 0 -1 0 -1 3 ];
offsets = [1202785 2513043 3756349 2614311 5191415 657235 1681135 4180770 1720809 3334117 3005806 2308275 3900003 4519423 3015271 2260477 2831544 4689908 1160191 3176363 1247853 97409 681027 421185 447428 4169650 4170518 57423 2414469 1332955 60598 4814451 4818352 4943614 926640 300509 3547680 4604390 1203711 4916979 3926987 3627084 579990 3792159 4292155 46755 1169960 2864922 990962 5119950 1901244 531864 2497835 4619240 1761472 1557313 3207127 3977161 1457462 2092305 4664817 4744800 5111371 1502927 1411332 3579884 3178617 2408693 733508 5167527 2143078 1313206 348487 4292909 1368670 3643081 4312689 1957793 4373354 5172110 1503947 4781431 688676 124636 ];

