# config: "EMA:1.1.0-APPP,ID:listener19-r,SETUP:KK1,SOUNDDEVICE:USB,SOUNDSTREAM:0,SOUNDCHANNELS:1,2"
target=0.50;discardreversals=2;startvalue=0.00;steps=[4  2  1];
threshold = [-1.75 ];
values = [0.00 -2.00 -4.00 -2.00 -3.00 -2.50 0.00 -0.50 -2.00 -1.50 -2.00 -2.50 0.00 -2.50 -3.00 -0.50 -2.00 -3.50 -1.00 -1.50 ];
reversals = [0 0 1 -1 1 0 -1 0 1 -1 0 1 -1 0 1 -1 0 1 -1 0 ];
measures = [0 0 0 0 1 1 1 1 1 1 1 1 1 1 1 1 1 1 1 1 ];
presentations = [1 2 3 4 5 6 7 8 9 10 11 12 13 14 15 16 17 18 19 20 ];
answers = [3 3 2 3 2 0 3 4 2 3 3 0 5 3 0 4 4 0 3 3 ];
adjustments = [-2 -2 2 -1 0.5 2.5 -0.5 -1.5 0.5 -0.5 -0.5 2.5 -2.5 -0.5 2.5 -1.5 -1.5 2.5 -0.5 -0.5 ];
sentences = {'47048' '52988' '95569' '66127' '70565' '00456' '48832' '52277' '89135' '18314' '91451' '87713' '61793' '35209' '29394' '76802' '03676' '24621' '14040' '33980' };
offsets = [932826 750129 7895453 7531215 2580442 3383340 7779999 224076 6553845 2801051 7454408 3282948 4220497 5430330 6563782 1566828 4941434 5251517 7344792 1255365 ];

