# config: "EMA:1.1.0-APPP,ID:listener19-r,SETUP:KK1,SOUNDDEVICE:USB,SOUNDSTREAM:0,SOUNDCHANNELS:1,2"
target=0.50;discardreversals=2;startvalue=0.00;steps=[4  2  1];
threshold = [2.00 ];
values = [0.00 10.00 0.00 1.00 3.50 3.00 1.50 2.00 0.50 3.00 3.50 4.00 1.50 0.00 2.50 3.00 0.50 2.00 2.50 2.00 ];
reversals = [0 -1 1 0 -1 0 1 -1 1 0 0 -1 0 1 0 -1 1 0 -1 1 ];
measures = [0 0 0 0 1 1 1 1 1 1 1 1 1 1 1 1 1 1 1 1 ];
presentations = [1 2 3 4 5 6 7 8 9 10 11 12 13 14 15 16 17 18 19 20 ];
answers = [0 5 2 0 3 4 2 4 0 2 2 5 4 0 2 5 1 2 3 2 ];
adjustments = [10 -10 1 2.5 -0.5 -1.5 0.5 -1.5 2.5 0.5 0.5 -2.5 -1.5 2.5 0.5 -2.5 1.5 0.5 -0.5 0.5 ];
sentences = {'70762' '76600' '86800' '90013' '51437' '15952' '92629' '02737' '89364' '51195' '47173' '37886' '65555' '23081' '18348' '44529' '34994' '09216' '23448' '68271' };
offsets = [9538038 2684909 9452587 7052162 3119300 610446 6209854 5234973 4636666 8628764 7109864 1488535 5799108 6229955 5352574 4904628 1617108 1298065 3496801 6534612 ];

