# config: "EMA:1.1.0-APPP,ID:listener19-r,SETUP:KK1,SOUNDDEVICE:USB,SOUNDSTREAM:0,SOUNDCHANNELS:1,2"
target=0.50;discardreversals=2;startvalue=0.00;steps=[4  2  1];
threshold = [-0.50 ];
values = [0.00 10.00 4.00 5.00 2.50 1.00 0.50 0.00 0.50 -1.00 0.50 1.00 -0.50 0.00 -1.50 -2.00 -0.50 -2.00 -1.50 -3.00 ];
reversals = [0 -1 1 -1 0 0 0 1 -1 1 0 -1 1 -1 0 1 -1 1 -1 0 ];
measures = [0 0 0 1 1 1 1 1 1 1 1 1 1 1 1 1 1 1 1 1 ];
presentations = [1 2 3 4 5 6 7 8 9 10 11 12 13 14 15 16 17 18 19 20 ];
answers = [0 4 2 5 4 3 3 2 4 1 2 4 2 4 3 1 4 2 4 3 ];
adjustments = [10 -6 1 -2.5 -1.5 -0.5 -0.5 0.5 -1.5 1.5 0.5 -1.5 0.5 -1.5 -0.5 1.5 -1.5 0.5 -1.5 -0.5 ];
sentences = {'66127' '14040' '03676' '51779' '70565' '39994' '80338' '05413' '35209' '29394' '67850' '87713' '48832' '26626' '72141' '91451' '18502' '94067' '52988' '43285' };
offsets = [6065045 4995585 9835036 4674972 1811126 8668901 2657944 6979857 4809168 3947065 425252 6866260 1348989 9344288 1409745 367709 5921730 1521960 5885618 2983672 ];

