# config: "EMA:1.1.0-APPP,ID:listener19-r,SETUP:KK1,SOUNDDEVICE:USB,SOUNDSTREAM:0,SOUNDCHANNELS:1,2"
target=0.50;discardreversals=2;startvalue=0.00;steps=[4  2  1];
threshold = [-2.50 ];
values = [0.00 10.00 0.00 -5.00 0.00 -1.50 1.00 -0.50 -3.00 -1.50 -3.00 -2.50 -5.00 -2.50 -4.00 -1.50 -1.00 -3.50 -1.00 -3.50 ];
reversals = [0 -1 0 1 -1 1 -1 0 1 -1 1 -1 1 -1 1 0 -1 1 -1 0 ];
measures = [0 0 0 0 1 1 1 1 1 1 1 1 1 1 1 1 1 1 1 1 ];
presentations = [1 2 3 4 5 6 7 8 9 10 11 12 13 14 15 16 17 18 19 20 ];
answers = [0 5 5 0 4 0 4 5 1 4 2 5 0 4 0 2 5 0 5 5 ];
adjustments = [10 -10 -5 5 -1.5 2.5 -1.5 -2.5 1.5 -1.5 0.5 -2.5 2.5 -1.5 2.5 0.5 -2.5 2.5 -2.5 -2.5 ];
sentences = {'80338' '15952' '39994' '89364' '26626' '43285' '68271' '90013' '67850' '94067' '51779' '05413' '02737' '76600' '51195' '23448' '18502' '72141' '44529' '37886' };
offsets = [5631129 8938575 2339922 7546780 1475367 1546549 6680577 2995168 9061820 9284580 2209608 3563958 1705361 6030828 4852996 1231375 154736 8843071 1723710 8659506 ];

