# config: "EMA:1.1.0-APPP,ID:listener19-r,SETUP:KK1,SOUNDDEVICE:USB,SOUNDSTREAM:0,SOUNDCHANNELS:1,2"
target=0.50;discardreversals=2;startvalue=0.00;steps=[4  2  1];
threshold = [1.25 ];
values = [0.00 10.00 20.00 14.00 11.00 6.00 3.00 2.00 3.00 3.50 3.00 2.50 0.00 -1.50 -1.00 1.50 1.00 1.50 2.00 2.50 ];
reversals = [0 0 -1 0 0 0 0 1 0 -1 0 0 0 1 0 -1 1 0 0 0 ];
measures = [0 0 0 0 0 0 0 0 0 1 1 1 1 1 1 1 1 1 1 1 ];
presentations = [1 2 3 4 5 6 7 8 9 10 11 12 13 14 15 16 17 18 19 20 ];
answers = [0 0 4 4 5 4 3 2 2 3 3 5 4 2 0 3 2 2 2 1 ];
adjustments = [10 10 -6 -3 -5 -3 -1 1 0.5 -0.5 -0.5 -2.5 -1.5 0.5 2.5 -0.5 0.5 0.5 0.5 1.5 ];
sentences = {'44697' '50976' '22336' '54841' '33528' '77705' '06251' '45923' '98162' '36514' '70287' '69009' '08168' '21080' '11755' '12339' '69444' '85813' '87470' '93692' };
offsets = [887137 959740 1586225 5158850 650544 3971839 4703167 5092971 73816 2567071 5291955 2494298 2916820 6848024 1223936 5047411 8453981 5065977 3320069 8513686 ];

