# config: "EMA:1.1.0-APPP,ID:listener19-r,SETUP:KK1,SOUNDDEVICE:USB,SOUNDSTREAM:0,SOUNDCHANNELS:1,2"
target=0.50;discardreversals=2;startvalue=0.00;steps=[4  2  1];
threshold = [-3.00 ];
values = [0.00 -2.00 4.00 -1.00 -2.50 -3.00 -0.50 -3.00 -4.50 -3.00 -5.50 -7.00 -4.50 -5.00 -2.50 -3.00 -2.50 0.00 1.50 3.00 ];
reversals = [0 1 -1 0 0 1 -1 0 1 -1 0 1 -1 1 -1 1 0 0 0 -1 ];
measures = [0 0 0 0 0 1 1 1 1 1 1 1 1 1 1 1 1 1 1 1 ];
presentations = [1 2 3 4 5 6 7 8 9 10 11 12 13 14 15 16 17 18 19 20 ];
answers = [3 1 5 4 3 0 5 4 1 5 4 0 3 0 3 2 0 1 1 3 ];
adjustments = [-2 6 -5 -1.5 -0.5 2.5 -2.5 -1.5 1.5 -2.5 -1.5 2.5 -0.5 2.5 -0.5 0.5 2.5 1.5 1.5 -0.5 ];
sentences = {'23081' '18348' '92629' '65555' '09216' '70762' '44529' '76600' '37886' '90013' '68271' '15952' '47173' '34994' '86800' '51195' '02737' '51437' '89364' '23448' };
offsets = [1442641 292474 8071395 3348352 3194696 5204869 5291962 3898716 6223304 7267254 6220641 5469764 5585544 6202607 419816 828404 1911975 7840421 3834169 6780445 ];

