# config: "EMA:1.1.0-APPP,ID:listener19-r,SETUP:KK1,SOUNDDEVICE:USB,SOUNDSTREAM:0,SOUNDCHANNELS:1,2"
target=0.50;discardreversals=2;startvalue=0.00;steps=[4  2  1];
threshold = [-5.00 ];
values = [0.00 2.00 0.00 1.00 0.50 -2.00 -1.50 -2.00 -2.50 -5.00 -5.50 -6.00 -4.50 -5.00 -5.50 -8.00 -8.50 -7.00 -5.50 -8.00 ];
reversals = [0 -1 1 -1 0 1 -1 0 0 0 0 1 -1 0 0 0 1 0 -1 1 ];
measures = [0 0 0 1 1 1 1 1 1 1 1 1 1 1 1 1 1 1 1 1 ];
presentations = [1 2 3 4 5 6 7 8 9 10 11 12 13 14 15 16 17 18 19 20 ];
answers = [2 3 2 3 5 2 3 3 5 3 3 1 3 3 5 3 1 1 5 2 ];
adjustments = [2 -2 1 -0.5 -2.5 0.5 -0.5 -0.5 -2.5 -0.5 -0.5 1.5 -0.5 -0.5 -2.5 -0.5 1.5 1.5 -2.5 0.5 ];
sentences = {'87263' '41634' '47173' '68819' '86800' '03491' '51437' '18348' '22586' '99308' '74972' '65555' '34994' '16140' '70762' '92629' '09216' '55025' '30757' '23081' };
offsets = [6318709 9001275 8308067 102273 2031386 3943386 7635447 3402304 7891554 4040935 2810871 7405983 3540189 7868186 4570765 8629128 5283103 4612502 3005290 7767297 ];

