# config: "EMA:1.1.0-APPP,ID:listener19-r,SETUP:KK1,SOUNDDEVICE:USB,SOUNDSTREAM:0,SOUNDCHANNELS:1,2"
target=0.50;discardreversals=2;startvalue=0.00;steps=[4  2  1];
threshold = [32.00 ];
values = [0.00 10.00 20.00 22.00 24.00 30.00 32.00 34.00 32.00 33.00 32.50 32.00 32.50 34.00 31.50 32.00 29.50 27.00 24.50 22.00 ];
reversals = [0 0 0 0 0 0 0 -1 1 -1 0 1 0 -1 1 -1 0 0 0 0 ];
measures = [0 0 0 0 0 0 0 0 0 1 1 1 1 1 1 1 1 1 1 1 ];
presentations = [1 2 3 4 5 6 7 8 9 10 11 12 13 14 15 16 17 18 19 20 ];
answers = [0 0 2 2 1 2 2 3 2 3 3 2 1 5 2 5 5 5 5 5 ];
adjustments = [10 10 2 2 6 2 2 -2 1 -0.5 -0.5 0.5 1.5 -2.5 0.5 -2.5 -2.5 -2.5 -2.5 -2.5 ];
sentences = {'46393' '22586' '16140' '95162' '51417' '87263' '03491' '55025' '99308' '68819' '34226' '74972' '78835' '10681' '41634' '63558' '30757' '29744' '07970' '82009' };
offsets = [5182090 5364968 2339996 7078148 1467624 8112864 4583411 5997980 8132433 8192252 7335624 5289715 4417488 2985697 4752800 780642 590876 5962904 5408320 4073083 ];

