# config: "EMA:1.1.0-APPP,ID:listener19-r,SETUP:KK1,SOUNDDEVICE:USB,SOUNDSTREAM:0,SOUNDCHANNELS:1,2"
target=0.50;discardreversals=2;startvalue=0.00;steps=[4  2  1];
threshold = [-22.50 ];
values = [0.00 -10.00 -16.00 -26.00 -16.00 -19.00 -20.50 -22.00 -21.50 -24.00 -22.50 -22.00 -19.50 -20.00 -21.50 -24.00 -26.50 -27.00 -25.50 -23.00 ];
reversals = [0 0 0 1 -1 0 0 1 -1 1 0 0 -1 0 0 0 0 1 0 -1 ];
measures = [0 0 0 0 0 0 0 1 1 1 1 1 1 1 1 1 1 1 1 1 ];
presentations = [1 2 3 4 5 6 7 8 9 10 11 12 13 14 15 16 17 18 19 20 ];
answers = [5 4 5 0 4 4 4 2 5 1 2 0 3 4 5 5 3 1 0 3 ];
adjustments = [-10 -6 -10 10 -3 -1.5 -1.5 0.5 -2.5 1.5 0.5 2.5 -0.5 -1.5 -2.5 -2.5 -0.5 1.5 2.5 -0.5 ];
sentences = {'22586' '35209' '55025' '16140' '30757' '70565' '87713' '74972' '99308' '48832' '03676' '29394' '41634' '14040' '66127' '87263' '52988' '03491' '68819' '91451' };
offsets = [3866551 4442289 5957903 5423035 5297340 4151650 3973791 2264183 3569137 1373022 3813075 1792949 2179627 6181513 4326457 636576 351372 1464620 5457328 4247936 ];

