# config: "EMA:1.1.0-APPP,ID:listener19-r,SETUP:KK1,SOUNDDEVICE:USB,SOUNDSTREAM:0,SOUNDCHANNELS:1,2"
target=0.50;discardreversals=2;startvalue=0.00;steps=[4  2  1];
threshold = [-13.00 ];
values = [0.00 -10.00 -4.00 -9.00 -10.50 -11.00 -12.50 -14.00 -12.50 -13.00 -11.50 -9.00 -10.50 -10.00 -12.50 -13.00 -15.50 -14.00 -15.50 -16.00 ];
reversals = [0 1 -1 0 0 0 0 1 -1 1 0 -1 1 -1 0 0 1 -1 0 1 ];
measures = [0 0 0 0 0 0 0 1 1 1 1 1 1 1 1 1 1 1 1 1 ];
presentations = [1 2 3 4 5 6 7 8 9 10 11 12 13 14 15 16 17 18 19 20 ];
answers = [5 1 5 4 3 4 4 1 3 1 0 4 2 5 3 5 1 4 3 0 ];
adjustments = [-10 6 -5 -1.5 -0.5 -1.5 -1.5 1.5 -0.5 1.5 2.5 -1.5 0.5 -2.5 -0.5 -2.5 1.5 -1.5 -0.5 2.5 ];
sentences = {'44529' '51195' '05413' '02737' '51779' '68271' '67850' '72141' '94067' '89364' '39994' '18502' '43285' '37886' '80338' '15952' '23448' '76600' '90013' '26626' };
offsets = [3317405 1277881 3659949 3314371 4287371 394319 2097205 2274995 5796861 4786577 3803898 5265735 320397 5513626 7093656 4795835 2312769 5626589 829361 5611313 ];

