# config: "EMA:1.1.0-APPP,ID:listener19-r,SETUP:KK1,SOUNDDEVICE:USB,SOUNDSTREAM:0,SOUNDCHANNELS:1,2"
target=0.50;discardreversals=2;startvalue=0.00;steps=[4  2  1];
threshold = [-2.75 ];
values = [0.00 6.00 4.00 1.00 0.00 3.00 3.50 4.00 2.50 2.00 -0.50 -3.00 -2.50 -3.00 -3.50 -4.00 -1.50 -1.00 -3.50 -5.00 ];
reversals = [0 -1 0 0 1 0 0 -1 0 0 0 1 -1 0 0 1 0 -1 0 1 ];
measures = [0 0 0 0 0 0 0 1 1 1 1 1 1 1 1 1 1 1 1 1 ];
presentations = [1 2 3 4 5 6 7 8 9 10 11 12 13 14 15 16 17 18 19 20 ];
answers = [1 3 4 3 1 2 2 4 3 5 5 2 3 3 3 0 2 5 4 2 ];
adjustments = [6 -2 -3 -1 3 0.5 0.5 -1.5 -0.5 -2.5 -2.5 0.5 -0.5 -0.5 -0.5 2.5 0.5 -2.5 -1.5 0.5 ];
sentences = {'22586' '99308' '29744' '16140' '82009' '30757' '74972' '07970' '34226' '10681' '51417' '55025' '46393' '03491' '87263' '63558' '78835' '41634' '68819' '95162' };
offsets = [1610984 640953 557409 2827693 4684566 4653112 3937423 6460614 3840227 6675885 1808868 7715002 1921868 3836666 903478 2175248 7072418 2083659 6405796 2080341 ];

