# config: "EMA:1.1.0-APPP,ID:listener19-r,SETUP:KK1,SOUNDDEVICE:USB,SOUNDSTREAM:0,SOUNDCHANNELS:1,2"
target=0.50;discardreversals=2;startvalue=0.00;steps=[4  2  1];
threshold = [-3.00 ];
values = [0.00 -2.00 -12.00 -2.00 -3.00 -5.50 -5.00 -2.50 -2.00 -4.50 -6.00 -3.50 -2.00 -2.50 -3.00 -2.50 -2.00 -4.50 -3.00 -2.50 ];
reversals = [0 0 1 -1 0 1 0 0 -1 0 1 0 -1 0 1 0 -1 1 0 0 ];
measures = [0 0 0 0 0 1 1 1 1 1 1 1 1 1 1 1 1 1 1 1 ];
presentations = [1 2 3 4 5 6 7 8 9 10 11 12 13 14 15 16 17 18 19 20 ];
answers = [3 5 0 3 5 2 0 2 5 4 0 1 3 3 2 2 5 1 2 0 ];
adjustments = [-2 -10 10 -1 -2.5 0.5 2.5 0.5 -2.5 -1.5 2.5 1.5 -0.5 -0.5 0.5 0.5 -2.5 1.5 0.5 2.5 ];
sentences = {'30757' '54841' '87263' '11755' '22586' '68819' '74972' '87470' '69009' '55025' '08168' '03491' '41634' '99308' '16140' '70287' '36514' '45923' '22336' '93692' };
offsets = [2479495 1940305 7864457 7979054 4654396 8190030 3611353 6482569 2382938 882559 4922230 2875791 5333987 7545601 261151 343948 5905385 7212674 1114443 2774671 ];

