# config: "EMA:1.1.0-APPP,ID:listener19-r,SETUP:KK1,SOUNDDEVICE:USB,SOUNDSTREAM:0,SOUNDCHANNELS:1,2"
target=0.50;discardreversals=2;startvalue=0.00;steps=[4  2  1];
threshold = [-3.50 ];
values = [0.00 -2.00 -8.00 -10.00 -8.00 -5.00 0.00 -1.00 -2.50 -3.00 -2.50 -2.00 -3.50 -4.00 -3.50 -5.00 -6.50 -9.00 -9.50 -7.00 ];
reversals = [0 0 0 1 0 0 -1 0 0 1 0 -1 0 1 -1 0 0 0 1 0 ];
measures = [0 0 0 0 0 0 0 0 0 1 1 1 1 1 1 1 1 1 1 1 ];
presentations = [1 2 3 4 5 6 7 8 9 10 11 12 13 14 15 16 17 18 19 20 ];
answers = [3 4 3 2 1 0 3 4 3 2 2 4 3 2 4 4 5 3 0 0 ];
adjustments = [-2 -6 -2 2 3 5 -1 -1.5 -0.5 0.5 0.5 -1.5 -0.5 0.5 -1.5 -1.5 -2.5 -0.5 2.5 2.5 ];
sentences = {'03262' '70565' '48835' '59026' '24318' '31601' '90790' '48832' '66127' '15149' '87713' '77974' '29394' '14040' '35209' '52988' '03676' '66553' '82487' '91451' };
offsets = [6454471 4800702 940736 1790104 5964390 2420756 1037667 5596717 6063293 8214804 4606253 1084947 8433869 2568231 2821868 7572343 8003098 7608585 528990 3561859 ];

