# config: "EMA:1.1.0-APPP,ID:listener19-r,SETUP:KK1,SOUNDDEVICE:USB,SOUNDSTREAM:0,SOUNDCHANNELS:1,2"
target=0.50;discardreversals=2;startvalue=0.00;steps=[4  2  1];
threshold = [-24.25 ];
values = [0.00 -10.00 -20.00 -22.00 -32.00 -26.00 -25.00 -22.00 -25.00 -24.50 -25.00 -22.50 -25.00 -26.50 -26.00 -25.50 -24.00 -21.50 -24.00 -21.50 ];
reversals = [0 0 0 0 1 0 0 -1 1 -1 1 -1 0 1 0 0 0 -1 1 -1 ];
measures = [0 0 0 0 0 0 0 0 1 1 1 1 1 1 1 1 1 1 1 1 ];
presentations = [1 2 3 4 5 6 7 8 9 10 11 12 13 14 15 16 17 18 19 20 ];
answers = [5 5 3 5 1 2 1 4 2 3 0 5 4 2 2 1 0 5 0 3 ];
adjustments = [-10 -10 -2 -10 6 1 3 -3 0.5 -0.5 2.5 -2.5 -1.5 0.5 0.5 1.5 2.5 -2.5 2.5 -0.5 ];
sentences = {'52988' '48832' '41634' '99308' '16140' '74972' '70565' '29394' '22586' '30757' '55025' '66127' '87713' '68819' '35209' '14040' '03676' '03491' '91451' '87263' };
offsets = [6203809 1506750 4551115 1331726 3500862 1461418 6465426 6177548 282834 6265730 6674391 5296359 716925 7011668 3514026 145060 5136263 6133889 520987 6181751 ];

