# config: "EMA:1.1.0-APPP,ID:listener19-r,SETUP:KK1,SOUNDDEVICE:USB,SOUNDSTREAM:0,SOUNDCHANNELS:1,2"
target=0.50;discardreversals=2;startvalue=0.00;steps=[4  2  1];
threshold = [-27.75 ];
values = [0.00 -6.00 -16.00 -26.00 -24.00 -29.00 -26.50 -29.00 -29.50 -31.00 -28.50 -27.00 -26.50 -27.00 -29.50 -29.00 -27.50 -27.00 -28.50 -27.00 ];
reversals = [0 0 0 1 -1 1 -1 0 0 1 0 0 -1 0 1 0 0 -1 1 -1 ];
measures = [0 0 0 0 0 1 1 1 1 1 1 1 1 1 1 1 1 1 1 1 ];
presentations = [1 2 3 4 5 6 7 8 9 10 11 12 13 14 15 16 17 18 19 20 ];
answers = [4 5 5 2 5 0 5 3 4 0 1 2 3 5 2 1 2 4 1 4 ];
adjustments = [-6 -10 -10 2 -5 2.5 -2.5 -0.5 -1.5 2.5 1.5 0.5 -0.5 -2.5 0.5 1.5 0.5 -1.5 1.5 -1.5 ];
sentences = {'43285' '67850' '51779' '05413' '06251' '77705' '85813' '18502' '26626' '44697' '39994' '50976' '94067' '33528' '12339' '72141' '98162' '21080' '69444' '80338' };
offsets = [5051949 5974245 1350786 4059556 7337424 5348678 5204675 1276507 2494106 1463140 589991 1277415 1390864 4740428 167543 5068464 3354988 5014528 3897250 2845315 ];

