# config: "EMA:1.1.0-APPP,ID:listener19-r,SETUP:KK1,SOUNDDEVICE:USB,SOUNDSTREAM:0,SOUNDCHANNELS:1,2"
target=0.75;minreversals=14;discardreversals=4;minmeasures=25;startvalue=20.00;steps=[4  4  2  1];
threshold = [1.50 ];
values = [20.00 16.00 12.00 8.00 8.00 20.00 16.00 16.00 16.00 16.00 14.00 12.00 10.00 10.00 8.00 6.00 6.00 4.00 4.00 4.00 4.00 4.00 4.00 2.00 0.00 -2.00 -2.00 -2.00 4.00 7.00 6.00 6.00 5.00 4.00 4.00 4.00 4.00 4.00 3.00 2.00 2.00 1.00 0.00 -1.00 -2.00 1.00 4.00 4.00 7.00 7.00 7.00 7.00 7.00 7.00 7.00 6.00 6.00 5.00 5.00 4.00 4.00 3.00 3.00 2.00 2.00 2.00 1.00 1.00 0.00 -1.00 -1.00 2.00 2.00 1.00 0.00 -1.00 -1.00 -1.00 -1.00 -2.00 -2.00 -2.00 1.00 4.00 3.00 3.00 3.00 2.00 1.00 0.00 0.00 0.00 0.00 -1.00 -2.00 -2.00 1.00 1.00 1.00 4.00 3.00 3.00 3.00 2.00 2.00 2.00 2.00 2.00 2.00 1.00 1.00 1.00 4.00 4.00 4.00 ];
reversals = [0 0 0 0 1 -1 0 0 0 0 0 0 0 0 0 0 0 0 0 0 0 0 0 0 0 0 0 1 0 -1 0 0 0 0 0 0 0 0 0 0 0 0 0 0 1 0 0 0 0 0 0 0 0 0 -1 0 0 0 0 0 0 0 0 0 0 0 0 0 0 0 1 0 -1 0 0 0 0 0 0 0 0 1 0 -1 0 0 0 0 0 0 0 0 0 0 0 1 0 0 0 -1 0 0 0 0 0 0 0 0 0 0 0 1 0 0 -1 ];
measures = [0 0 0 0 0 0 0 0 0 0 0 0 0 0 0 0 0 0 0 0 0 0 0 0 0 0 0 0 0 0 0 0 0 0 0 0 0 0 0 0 0 0 0 0 1 1 1 1 1 1 1 1 1 1 1 1 1 1 1 1 1 1 1 1 1 1 1 1 1 1 1 1 1 1 1 1 1 1 1 1 1 1 1 1 1 1 1 1 1 1 1 1 1 1 1 1 1 1 1 1 1 1 1 1 1 1 1 1 1 1 1 1 1 1 1 ];
presentations = [1 1 1 0 1 1 0 0 0 1 1 1 0 1 1 0 1 0 0 0 0 0 1 1 1 0 0 1 1 1 0 1 1 0 0 0 0 1 1 0 1 1 1 1 1 1 0 1 0 0 0 0 0 0 1 0 1 0 1 0 1 0 1 0 0 1 0 1 1 0 1 0 1 1 1 0 0 0 1 0 0 1 1 1 0 0 1 1 1 0 0 0 1 1 0 1 0 0 1 1 0 0 1 0 0 0 0 0 1 0 0 1 0 0 1 ];
answers = [1 1 1 0 0 1 0 0 0 1 1 1 0 1 1 0 1 0 0 0 0 0 1 1 1 0 0 0 0 1 0 1 1 0 0 0 0 1 1 0 1 1 1 1 0 0 0 0 0 0 0 0 0 0 1 0 1 0 1 0 1 0 1 0 0 1 0 1 1 0 0 0 1 1 1 0 0 0 1 0 0 0 0 1 0 0 1 1 1 0 0 0 1 1 0 0 0 0 0 1 0 0 1 0 0 0 0 0 1 0 0 0 0 0 1 ];
adjustments = [-4 -4 -4 0 12 -4 0 0 0 -2 -2 -2 0 -2 -2 0 -2 0 0 0 0 0 -2 -2 -2 0 0 6 3 -1 0 -1 -1 0 0 0 0 -1 -1 0 -1 -1 -1 -1 3 3 0 3 0 0 0 0 0 0 -1 0 -1 0 -1 0 -1 0 -1 0 0 -1 0 -1 -1 0 3 0 -1 -1 -1 0 0 0 -1 0 0 3 3 -1 0 0 -1 -1 -1 0 0 0 -1 -1 0 3 0 0 3 -1 0 0 -1 0 0 0 0 0 -1 0 0 3 0 0 -1 ];
offsets = [723860 2918030 2639541 2713873 4488644 878115 1222067 1646809 4554713 4373133 3807452 1972299 4948675 931526 3117656 2672593 175782 2718168 2170072 1719728 182702 432477 3461662 2022942 1827575 1210438 2587909 3529118 3333021 3014309 4000694 4568713 869811 4871381 511359 3096429 655136 3348222 4674167 4292393 3618401 3089379 3051486 457914 4110304 1852800 765890 2836648 4137816 2668538 2911011 3942758 659157 1782396 1772798 4088307 5048364 3519995 690006 1183413 2172294 2261082 887875 1653484 3851422 4181144 2197008 3525847 5194815 2100175 2757421 4408410 2883648 4711449 344437 4283880 48220 90844 4506963 3239890 3442702 1963132 2845739 2195597 2332416 4709149 4929506 3544362 2386291 4826160 5200348 2625970 1090904 3828749 4891029 3073446 3162191 2280776 4418795 1354004 964368 4453491 2796239 1712426 3808024 223187 4789344 1649378 4463314 2913420 4787919 704055 4896631 486881 430700 ];

