# config: "EMA:1.1.0-APPP,ID:listener19-r,SETUP:KK1,SOUNDDEVICE:USB,SOUNDSTREAM:0,SOUNDCHANNELS:1,2"
target=0.75;minreversals=14;discardreversals=4;minmeasures=25;startvalue=20.00;steps=[4  4  2  1];
threshold = [8.00 ];
values = [20.00 16.00 12.00 8.00 8.00 8.00 20.00 16.00 14.00 14.00 14.00 14.00 14.00 12.00 12.00 10.00 8.00 8.00 6.00 4.00 10.00 10.00 9.00 8.00 7.00 7.00 6.00 5.00 5.00 5.00 8.00 8.00 8.00 8.00 7.00 7.00 6.00 6.00 9.00 8.00 7.00 7.00 7.00 7.00 7.00 7.00 10.00 9.00 9.00 9.00 8.00 8.00 8.00 11.00 11.00 11.00 10.00 10.00 9.00 9.00 9.00 8.00 8.00 7.00 6.00 6.00 5.00 5.00 8.00 8.00 11.00 11.00 10.00 10.00 9.00 8.00 7.00 7.00 6.00 5.00 5.00 5.00 ];
reversals = [0 0 0 0 0 1 -1 0 0 0 0 0 0 0 0 0 0 0 0 1 0 -1 0 0 0 0 0 0 0 1 0 0 0 -1 0 0 0 1 -1 0 0 0 0 0 0 1 -1 0 0 0 0 0 1 0 0 -1 0 0 0 0 0 0 0 0 0 0 0 1 0 0 0 -1 0 0 0 0 0 0 0 0 0 1 ];
measures = [0 0 0 0 0 0 0 0 0 0 0 0 0 0 0 0 0 0 0 0 0 0 0 0 0 0 0 0 0 1 1 1 1 1 1 1 1 1 1 1 1 1 1 1 1 1 1 1 1 1 1 1 1 1 1 1 1 1 1 1 1 1 1 1 1 1 1 1 1 1 1 1 1 1 1 1 1 1 1 1 1 1 ];
presentations = [1 1 1 0 0 1 1 1 0 0 0 0 1 0 1 1 0 1 1 1 0 1 1 1 0 1 1 0 0 1 0 0 0 1 0 1 0 1 1 1 0 0 0 0 0 1 1 0 0 1 0 0 1 0 0 1 0 1 0 0 1 0 1 1 0 1 0 1 0 1 0 1 0 1 1 1 0 1 1 0 0 1 ];
answers = [1 1 1 0 0 0 1 1 0 0 0 0 1 0 1 1 0 1 1 0 0 1 1 1 0 1 1 0 0 0 0 0 0 1 0 1 0 0 1 1 0 0 0 0 0 0 1 0 0 1 0 0 0 0 0 1 0 1 0 0 1 0 1 1 0 1 0 0 0 0 0 1 0 1 1 1 0 1 1 0 0 0 ];
adjustments = [-4 -4 -4 0 0 12 -4 -2 0 0 0 0 -2 0 -2 -2 0 -2 -2 6 0 -1 -1 -1 0 -1 -1 0 0 3 0 0 0 -1 0 -1 0 3 -1 -1 0 0 0 0 0 3 -1 0 0 -1 0 0 3 0 0 -1 0 -1 0 0 -1 0 -1 -1 0 -1 0 3 0 3 0 -1 0 -1 -1 -1 0 -1 -1 0 0 3 ];
offsets = [2364643 2368843 461555 4870156 5030297 5227209 4134876 869223 12368 1461292 1887934 3259086 689886 2997223 2834425 4997325 435518 3928525 49643 3987342 2582721 4713235 2501281 2178055 2233544 4860727 2628991 2797568 766344 5166 587748 2359912 4660707 3900982 2216469 3797582 3800476 418371 5114563 86476 4256335 3229817 1119803 2368432 540023 1594209 5026054 3250000 4427542 4516305 1044702 1692248 2189331 2936705 5256384 3659664 360076 3831452 5073128 4732832 1059790 835652 4677967 1479619 180650 3445631 5255533 1044805 867589 3218986 3589236 4501274 1490575 4428620 2778190 902858 1842864 2450813 1246313 4795829 4827106 4348443 ];

