# config: "EMA:1.1.0-APPP,ID:listener19-r,SETUP:KK1,SOUNDDEVICE:USB,SOUNDSTREAM:0,SOUNDCHANNELS:1,2"
target=0.75;minreversals=14;discardreversals=4;minmeasures=25;startvalue=20.00;steps=[4  4  2  1];
threshold = [10.50 ];
values = [20.00 16.00 12.00 24.00 24.00 24.00 20.00 18.00 18.00 16.00 14.00 14.00 20.00 19.00 18.00 18.00 17.00 16.00 16.00 16.00 15.00 14.00 14.00 14.00 13.00 13.00 13.00 13.00 13.00 12.00 12.00 11.00 10.00 9.00 9.00 9.00 9.00 12.00 11.00 11.00 10.00 10.00 10.00 9.00 12.00 11.00 11.00 10.00 13.00 13.00 12.00 11.00 10.00 13.00 13.00 12.00 11.00 11.00 10.00 9.00 8.00 8.00 11.00 10.00 13.00 13.00 12.00 12.00 12.00 11.00 11.00 10.00 10.00 13.00 13.00 ];
reversals = [0 0 1 0 0 -1 0 0 0 0 0 1 -1 0 0 0 0 0 0 0 0 0 0 0 0 0 0 0 0 0 0 0 0 0 0 0 1 -1 0 0 0 0 0 1 -1 0 0 1 0 -1 0 0 1 0 -1 0 0 0 0 0 0 1 -1 1 0 -1 0 0 0 0 0 0 1 0 -1 ];
measures = [0 0 0 0 0 0 0 0 0 0 0 0 0 0 0 0 0 0 0 0 0 0 0 0 0 0 0 0 0 0 0 0 0 0 0 0 1 1 1 1 1 1 1 1 1 1 1 1 1 1 1 1 1 1 1 1 1 1 1 1 1 1 1 1 1 1 1 1 1 1 1 1 1 1 1 ];
presentations = [1 1 1 0 0 1 1 0 1 1 0 1 1 1 0 1 1 0 0 1 1 0 0 1 0 0 0 0 1 0 1 1 1 0 0 0 1 1 0 1 0 0 1 1 1 0 1 1 0 1 1 1 1 0 1 1 0 1 1 1 0 1 1 1 0 1 0 0 1 0 1 0 1 0 1 ];
answers = [1 1 0 0 0 1 1 0 1 1 0 0 1 1 0 1 1 0 0 1 1 0 0 1 0 0 0 0 1 0 1 1 1 0 0 0 0 1 0 1 0 0 1 0 1 0 1 0 0 1 1 1 0 0 1 1 0 1 1 1 0 0 1 0 0 1 0 0 1 0 1 0 0 0 1 ];
adjustments = [-4 -4 12 0 0 -4 -2 0 -2 -2 0 6 -1 -1 0 -1 -1 0 0 -1 -1 0 0 -1 0 0 0 0 -1 0 -1 -1 -1 0 0 0 3 -1 0 -1 0 0 -1 3 -1 0 -1 3 0 -1 -1 -1 3 0 -1 -1 0 -1 -1 -1 0 3 -1 3 0 -1 0 0 -1 0 -1 0 3 0 -1 ];
offsets = [242946 2713428 3947834 4085636 4610469 3470328 1085603 1103206 3637241 4973122 1968581 2637608 5219751 4824891 1155111 2783209 4868924 1934607 3487515 4684937 3124565 1768864 1470644 183117 1949463 4207740 2292807 2223804 1305659 4234190 1090954 2199035 33659 3973733 3354194 5032574 4789145 3650409 4623229 439025 2727097 3362010 2458468 1004370 5186448 927841 2694229 4457037 3169320 358069 1587351 1882378 309347 4044775 694026 648978 2595739 4562716 2489393 1699425 3854666 604491 1304130 4921238 4183699 4853857 1001214 2485780 2968174 4103096 1358922 247513 4484131 1785698 811358 ];

