# config: "EMA:1.1.0-APPP,ID:listener19-r,SETUP:KK1,SOUNDDEVICE:USB,SOUNDSTREAM:0,SOUNDCHANNELS:1,2"
target=0.75;minreversals=14;discardreversals=4;minmeasures=25;startvalue=20.00;steps=[4  4  2  1];
threshold = [13.50 ];
values = [20.00 16.00 12.00 8.00 24.00 20.00 18.00 26.00 25.00 24.00 23.00 22.00 26.00 25.00 24.00 24.00 23.00 23.00 22.00 21.00 20.00 20.00 19.00 18.00 18.00 18.00 18.00 18.00 18.00 17.00 17.00 16.00 16.00 15.00 15.00 15.00 15.00 14.00 14.00 14.00 14.00 13.00 12.00 12.00 11.00 11.00 10.00 13.00 12.00 11.00 11.00 11.00 14.00 13.00 12.00 11.00 14.00 13.00 12.00 12.00 11.00 11.00 11.00 14.00 ];
reversals = [0 0 0 1 -1 0 1 -1 0 0 0 1 -1 0 0 0 0 0 0 0 0 0 0 0 0 0 0 0 0 0 0 0 0 0 0 0 0 0 0 0 0 0 0 0 0 0 1 -1 0 0 0 1 -1 0 0 1 -1 0 0 0 0 0 1 -1 ];
measures = [0 0 0 0 0 0 0 0 0 0 0 1 1 1 1 1 1 1 1 1 1 1 1 1 1 1 1 1 1 1 1 1 1 1 1 1 1 1 1 1 1 1 1 1 1 1 1 1 1 1 1 1 1 1 1 1 1 1 1 1 1 1 1 1 ];
presentations = [1 1 1 0 1 1 0 1 1 1 1 0 1 1 0 1 0 1 1 1 0 1 1 0 0 0 0 0 1 0 1 0 1 0 0 0 1 0 0 0 1 1 0 1 0 1 1 1 1 0 0 1 1 1 1 1 1 1 0 1 0 0 1 1 ];
answers = [1 1 1 1 1 1 1 1 1 1 1 1 1 1 0 1 0 1 1 1 0 1 1 0 0 0 0 0 1 0 1 0 1 0 0 0 1 0 0 0 1 1 0 1 0 1 0 1 1 0 0 0 1 1 1 0 1 1 0 1 0 0 0 1 ];
adjustments = [-4 -4 -4 16 -4 -2 8 -1 -1 -1 -1 4 -1 -1 0 -1 0 -1 -1 -1 0 -1 -1 0 0 0 0 0 -1 0 -1 0 -1 0 0 0 -1 0 0 0 -1 -1 0 -1 0 -1 3 -1 -1 0 0 3 -1 -1 -1 3 -1 -1 0 -1 0 0 3 -1 ];
offsets = [5227045 936635 1969968 4698537 1458606 1040089 4351491 2291655 5221909 350324 3314956 2373710 2324647 4774480 1936653 2893306 1280162 341533 5008056 682483 206134 1118805 952312 819323 4890142 563641 2816783 3890859 2732399 2043469 3613337 2077810 2192758 396492 2632848 3570119 1083766 3652069 3834263 1436340 3044652 489018 991478 2253968 35699 748967 2527753 3869458 4974942 3664618 2606515 28713 3157700 4897302 696408 2690149 1122306 3735340 3372494 5210415 4602655 4767637 1901579 5154322 ];

