# config: "EMA:1.1.0-APPP,ID:listener10-l,SETUP:KK1,SOUNDDEVICE:USB,SOUNDSTREAM:0,SOUNDCHANNELS:1,2"
target=0.50;discardreversals=2;startvalue=0.00;steps=[4  2  1];
threshold = [-35.00 ];
values = [0.00 -10.00 -20.00 -30.00 -40.00 -30.00 -35.00 -32.50 -35.00 -32.50 -32.00 -34.50 -36.00 -35.50 -36.00 -34.50 -37.00 -35.50 -33.00 -35.50 ];
reversals = [0 0 0 0 1 -1 1 -1 1 0 -1 0 1 -1 1 -1 1 0 -1 1 ];
measures = [0 0 0 0 0 0 1 1 1 1 1 1 1 1 1 1 1 1 1 1 ];
presentations = [1 2 3 4 5 6 7 8 9 10 11 12 13 14 15 16 17 18 19 20 ];
answers = [5 5 5 5 0 5 0 5 0 2 5 4 2 3 1 5 1 0 5 0 ];
adjustments = [-10 -10 -10 -10 10 -5 2.5 -2.5 2.5 0.5 -2.5 -1.5 0.5 -0.5 1.5 -2.5 1.5 2.5 -2.5 2.5 ];
sentences = {'47048' '51195' '95569' '33980' '44529' '68271' '76802' '37886' '61793' '15952' '52277' '89364' '00456' '02737' '24621' '89135' '76600' '90013' '18314' '23448' };
offsets = [3379404 7325502 7319930 1333610 3156209 2532603 2360969 3221635 1108973 1822266 1626561 949038 7256765 1927299 1632665 4730753 2237114 3422841 2794944 5325254 ];

