# config: "EMA:1.1.0-APPP,ID:listener10-l,SETUP:KK1,SOUNDDEVICE:USB,SOUNDSTREAM:0,SOUNDCHANNELS:1,2"
target=0.50;discardreversals=2;startvalue=0.00;steps=[4  2  1];
threshold = [-48.50 ];
values = [0.00 -10.00 -20.00 -30.00 -40.00 -46.00 -40.00 -45.00 -46.50 -46.00 -47.50 -49.00 -48.50 -49.00 -48.50 -46.00 -46.50 -47.00 -48.50 -47.00 ];
reversals = [0 0 0 0 0 1 -1 0 1 -1 0 1 -1 1 0 -1 0 0 1 0 ];
measures = [0 0 0 0 0 0 0 0 1 1 1 1 1 1 1 1 1 1 1 1 ];
presentations = [1 2 3 4 5 6 7 8 9 10 11 12 13 14 15 16 17 18 19 20 ];
answers = [5 5 5 5 4 1 5 4 2 4 4 2 3 2 0 3 3 4 1 2 ];
adjustments = [-10 -10 -10 -10 -6 6 -5 -1.5 0.5 -1.5 -1.5 0.5 -0.5 0.5 2.5 -0.5 -0.5 -1.5 1.5 0.5 ];
sentences = {'95569' '61793' '46393' '78835' '82009' '24621' '00456' '10681' '33980' '47048' '89135' '07970' '63558' '34226' '76802' '18314' '52277' '29744' '51417' '95162' };
offsets = [3041332 5892238 6437390 6589547 1311291 3155723 2987730 3802036 6026239 3414077 729752 6261787 3872678 1067965 5079247 4006381 3221770 1445148 1965890 3114659 ];

