# config: "EMA:1.1.0-APPP,ID:listener10-l,SETUP:KK1,SOUNDDEVICE:USB,SOUNDSTREAM:0,SOUNDCHANNELS:1,2"
target=0.50;discardreversals=2;startvalue=0.00;steps=[4  2  1];
threshold = [-11.00 ];
values = [0.00 -10.00 -8.00 -13.00 -10.50 -11.00 -8.50 -10.00 -11.50 -10.00 -7.50 -9.00 -11.50 -13.00 -12.50 -11.00 -9.50 -7.00 -9.50 -11.00 ];
reversals = [0 1 -1 1 -1 1 -1 0 1 0 -1 0 0 1 0 0 0 -1 0 1 ];
measures = [0 0 0 1 1 1 1 1 1 1 1 1 1 1 1 1 1 1 1 1 ];
presentations = [1 2 3 4 5 6 7 8 9 10 11 12 13 14 15 16 17 18 19 20 ];
answers = [5 2 5 0 3 0 4 4 1 0 4 5 4 2 1 1 0 5 4 2 ];
adjustments = [-10 2 -5 2.5 -0.5 2.5 -1.5 -1.5 1.5 2.5 -1.5 -2.5 -1.5 0.5 1.5 1.5 2.5 -2.5 -1.5 0.5 ];
sentences = {'47048' '06251' '98162' '69444' '50976' '21080' '89135' '77705' '33528' '85813' '33980' '44697' '18314' '24621' '12339' '76802' '00456' '52277' '61793' '95569' };
offsets = [2674153 1865680 6262535 6869932 2885416 6272292 5093760 2871374 4521032 384093 4991723 8234710 1314468 6891697 2357706 7211725 5521047 5126668 4801830 140942 ];

