# config: "EMA:1.1.0-APPP,ID:listener10-l,SETUP:KK1,SOUNDDEVICE:USB,SOUNDSTREAM:0,SOUNDCHANNELS:1,2"
target=0.50;discardreversals=2;startvalue=0.00;steps=[4  2  1];
threshold = [-18.25 ];
values = [0.00 -10.00 -20.00 -26.00 -20.00 -19.00 -14.00 -17.00 -15.50 -16.00 -18.50 -18.00 -19.50 -19.00 -18.50 -17.00 -19.50 -20.00 -21.50 -21.00 ];
reversals = [0 0 0 1 0 0 -1 1 -1 0 1 -1 1 0 0 -1 0 0 1 -1 ];
measures = [0 0 0 0 0 0 0 1 1 1 1 1 1 1 1 1 1 1 1 1 ];
presentations = [1 2 3 4 5 6 7 8 9 10 11 12 13 14 15 16 17 18 19 20 ];
answers = [5 5 4 1 2 0 4 1 3 5 2 4 2 2 1 5 3 4 2 5 ];
adjustments = [-10 -10 -6 6 1 5 -3 1.5 -0.5 -2.5 0.5 -1.5 0.5 0.5 1.5 -2.5 -0.5 -1.5 0.5 -2.5 ];
sentences = {'89364' '02737' '69009' '37886' '22336' '11755' '87470' '08168' '51195' '90013' '76600' '68271' '54841' '44529' '36514' '45923' '23448' '93692' '70287' '15952' };
offsets = [805718 5925254 1349591 1224879 4890214 4893753 2705490 35766 4743120 1259297 6861938 3063514 7540558 3673019 7698779 1979641 3333133 3361397 7058045 3809067 ];

