# config: "EMA:1.1.0-APPP,ID:listener10-l,SETUP:KK1,SOUNDDEVICE:USB,SOUNDSTREAM:0,SOUNDCHANNELS:1,2"
target=0.50;discardreversals=2;startvalue=0.00;steps=[4  2  1];
threshold = [-10.50 ];
values = [0.00 -10.00 -16.00 -10.00 -9.00 -12.00 -10.50 -10.00 -10.50 -11.00 -10.50 -11.00 -9.50 -12.00 -9.50 -11.00 -9.50 -8.00 -10.50 -9.00 ];
reversals = [0 0 1 0 -1 1 0 -1 0 1 -1 1 -1 1 -1 1 0 -1 1 -1 ];
measures = [0 0 0 0 0 1 1 1 1 1 1 1 1 1 1 1 1 1 1 1 ];
presentations = [1 2 3 4 5 6 7 8 9 10 11 12 13 14 15 16 17 18 19 20 ];
answers = [5 4 1 2 4 1 2 3 3 2 3 1 5 0 4 1 1 5 1 5 ];
adjustments = [-10 -6 6 1 -3 1.5 0.5 -0.5 -0.5 0.5 -0.5 1.5 -2.5 2.5 -1.5 1.5 1.5 -2.5 1.5 -2.5 ];
sentences = {'31601' '48835' '36514' '03262' '54841' '82487' '70287' '59026' '93692' '08168' '24318' '90790' '69009' '77974' '87470' '45923' '15149' '11755' '22336' '66553' };
offsets = [2883539 6087369 2002260 7167164 2921525 690486 4328075 7526986 166345 3903586 4872623 7502409 7297939 3743457 281723 842829 991382 8390599 8271218 1057260 ];

