# config: "EMA:1.1.0-APPP,ID:listener10-l,SETUP:KK1,SOUNDDEVICE:USB,SOUNDSTREAM:0,SOUNDCHANNELS:1,2"
target=0.50;discardreversals=2;startvalue=0.00;steps=[4  2  1];
threshold = [-8.50 ];
values = [0.00 -10.00 -8.00 -9.00 -8.50 -9.00 -10.50 -8.00 -9.50 -7.00 -9.50 -7.00 -8.50 -7.00 -8.50 -6.00 -6.50 -5.00 -7.50 -10.00 ];
reversals = [0 1 -1 1 -1 0 1 -1 1 -1 1 -1 1 -1 1 -1 1 -1 0 1 ];
measures = [0 0 0 1 1 1 1 1 1 1 1 1 1 1 1 1 1 1 1 1 ];
presentations = [1 2 3 4 5 6 7 8 9 10 11 12 13 14 15 16 17 18 19 20 ];
answers = [5 2 3 2 3 4 0 4 0 5 0 4 1 4 0 3 1 5 5 2 ];
adjustments = [-10 2 -1 0.5 -0.5 -1.5 2.5 -1.5 2.5 -2.5 2.5 -1.5 1.5 -1.5 2.5 -0.5 1.5 -2.5 -2.5 0.5 ];
sentences = {'24318' '23081' '86800' '34994' '51437' '48835' '65555' '03262' '66553' '90790' '59026' '31601' '92629' '09216' '47173' '82487' '77974' '18348' '70762' '15149' };
offsets = [340535 4398508 3276840 1772163 2949236 9211937 7790813 1473496 6412523 5316752 3981701 6953031 6380117 1675830 8749540 5813858 8320791 6212774 7445519 5738629 ];

