# config: "EMA:1.1.0-APPP,ID:listener10-l,SETUP:KK1,SOUNDDEVICE:USB,SOUNDSTREAM:0,SOUNDCHANNELS:1,2"
target=0.50;discardreversals=2;startvalue=0.00;steps=[4  2  1];
threshold = [-19.25 ];
values = [0.00 -10.00 -20.00 -10.00 -13.00 -14.50 -16.00 -14.50 -14.00 -14.50 -15.00 -16.50 -19.00 -20.50 -19.00 -20.50 -21.00 -19.50 -21.00 -18.50 ];
reversals = [0 0 1 -1 0 0 1 0 -1 0 0 0 0 1 -1 0 1 -1 1 -1 ];
measures = [0 0 0 0 0 0 1 1 1 1 1 1 1 1 1 1 1 1 1 1 ];
presentations = [1 2 3 4 5 6 7 8 9 10 11 12 13 14 15 16 17 18 19 20 ];
answers = [5 5 0 4 4 4 1 2 3 3 4 5 4 1 4 3 1 4 0 4 ];
adjustments = [-10 -10 10 -3 -1.5 -1.5 1.5 0.5 -0.5 -0.5 -1.5 -2.5 -1.5 1.5 -1.5 -0.5 1.5 -1.5 2.5 -1.5 ];
sentences = {'65555' '45923' '93692' '92629' '18348' '23081' '34994' '86800' '87470' '54841' '11755' '36514' '70762' '51437' '70287' '09216' '08168' '22336' '69009' '47173' };
offsets = [1408211 2529275 7760143 4263930 1310146 6499907 8523564 6420803 7059625 5196696 4299517 3762308 5333753 4706061 5100906 6968486 7768337 786816 2771740 2021701 ];

