# config: "EMA:1.1.0-APPP,ID:listener10-l,SETUP:KK1,SOUNDDEVICE:USB,SOUNDSTREAM:0,SOUNDCHANNELS:1,2"
target=0.50;discardreversals=2;startvalue=0.00;steps=[4  2  1];
threshold = [-41.00 ];
values = [0.00 -10.00 -20.00 -30.00 -40.00 -38.00 -41.00 -40.50 -39.00 -41.50 -43.00 -43.50 -41.00 -41.50 -40.00 -38.50 -41.00 -42.50 -41.00 -41.50 ];
reversals = [0 0 0 0 1 -1 1 0 -1 0 0 1 -1 1 0 -1 0 1 -1 1 ];
measures = [0 0 0 0 0 0 1 1 1 1 1 1 1 1 1 1 1 1 1 1 ];
presentations = [1 2 3 4 5 6 7 8 9 10 11 12 13 14 15 16 17 18 19 20 ];
answers = [5 5 5 5 2 4 2 1 5 4 3 0 3 1 1 5 4 1 3 2 ];
adjustments = [-10 -10 -10 -10 2 -3 0.5 1.5 -2.5 -1.5 -0.5 2.5 -0.5 1.5 1.5 -2.5 -1.5 1.5 -0.5 0.5 ];
sentences = {'03676' '48832' '29394' '22336' '54841' '14040' '87713' '08168' '66127' '91451' '52988' '36514' '93692' '69009' '45923' '11755' '87470' '70565' '70287' '35209' };
offsets = [2051750 1024810 6892895 2736955 1036173 694108 2187840 3419469 2418914 6739720 2899307 3639547 2185945 4222424 5809596 6782275 1292888 2641746 7089457 1520675 ];

