# config: "EMA:1.1.0-APPP,ID:listener10-l,SETUP:KK1,SOUNDDEVICE:USB,SOUNDSTREAM:0,SOUNDCHANNELS:1,2"
target=0.50;discardreversals=2;startvalue=0.00;steps=[4  2  1];
threshold = [-9.25 ];
values = [0.00 -10.00 -8.00 -9.00 -8.50 -10.00 -8.50 -10.00 -9.50 -10.00 -7.50 -10.00 -8.50 -11.00 -8.50 -8.00 -10.50 -9.00 -6.50 -9.00 ];
reversals = [0 1 -1 1 -1 1 -1 1 -1 1 -1 1 -1 1 0 -1 1 0 -1 0 ];
measures = [0 0 0 1 1 1 1 1 1 1 1 1 1 1 1 1 1 1 1 1 ];
presentations = [1 2 3 4 5 6 7 8 9 10 11 12 13 14 15 16 17 18 19 20 ];
answers = [5 2 3 2 4 1 4 2 3 0 5 1 5 0 2 5 1 0 5 3 ];
adjustments = [-10 2 -1 0.5 -1.5 1.5 -1.5 0.5 -0.5 2.5 -2.5 1.5 -2.5 2.5 0.5 -2.5 1.5 2.5 -2.5 -0.5 ];
sentences = {'06251' '77974' '33528' '59026' '21080' '24318' '03262' '69444' '90790' '12339' '48835' '82487' '98162' '66553' '85813' '31601' '50976' '15149' '44697' '77705' };
offsets = [8795188 6189722 2744127 4607339 3652399 3691056 3471571 5091433 8168323 5467678 8585661 4656516 2251960 6220829 303399 5377115 7743031 8502650 4969885 5111258 ];

