# config: "EMA:1.1.0-APPP,ID:listener10-l,SETUP:KK1,SOUNDDEVICE:USB,SOUNDSTREAM:0,SOUNDCHANNELS:1,2"
target=0.50;discardreversals=2;startvalue=0.00;steps=[4  2  1];
threshold = [-34.50 ];
values = [0.00 -10.00 -20.00 -30.00 -36.00 -38.00 -28.00 -33.00 -34.50 -32.00 -33.50 -34.00 -34.50 -36.00 -35.50 -33.00 -31.50 -32.00 -34.50 -35.00 ];
reversals = [0 0 0 0 0 1 -1 0 1 -1 0 0 0 1 0 0 -1 0 0 1 ];
measures = [0 0 0 0 0 0 0 0 1 1 1 1 1 1 1 1 1 1 1 1 ];
presentations = [1 2 3 4 5 6 7 8 9 10 11 12 13 14 15 16 17 18 19 20 ];
answers = [5 5 5 4 3 0 5 4 0 4 3 3 4 2 0 1 3 5 3 2 ];
adjustments = [-10 -10 -10 -6 -2 10 -5 -1.5 2.5 -1.5 -0.5 -0.5 -1.5 0.5 2.5 1.5 -0.5 -2.5 -0.5 0.5 ];
sentences = {'14040' '70565' '51437' '23081' '70762' '92629' '91451' '03676' '66127' '35209' '09216' '52988' '65555' '29394' '86800' '48832' '47173' '18348' '87713' '34994' };
offsets = [417614 3660507 2843244 1290875 7028279 2924563 2683868 5101742 2319838 3601098 3798458 1937938 243613 745573 1178656 5116289 1251761 2363610 1071373 5917040 ];

