# config: "EMA:1.1.0-APPP,ID:listener10-l,SETUP:KK1,SOUNDDEVICE:USB,SOUNDSTREAM:0,SOUNDCHANNELS:1,2"
target=0.50;discardreversals=2;startvalue=0.00;steps=[4  2  1];
threshold = [-17.75 ];
values = [0.00 -10.00 -20.00 -10.00 -15.00 -16.50 -18.00 -19.50 -18.00 -16.50 -16.00 -17.50 -17.00 -18.50 -18.00 -19.50 -17.00 -18.50 -16.00 -18.50 ];
reversals = [0 0 1 -1 0 0 0 1 0 0 -1 1 -1 1 -1 1 -1 1 -1 0 ];
measures = [0 0 0 0 0 0 0 1 1 1 1 1 1 1 1 1 1 1 1 1 ];
presentations = [1 2 3 4 5 6 7 8 9 10 11 12 13 14 15 16 17 18 19 20 ];
answers = [5 5 0 5 4 4 4 1 1 2 4 2 4 2 4 0 4 0 5 4 ];
adjustments = [-10 -10 10 -5 -1.5 -1.5 -1.5 1.5 1.5 0.5 -1.5 0.5 -1.5 0.5 -1.5 2.5 -1.5 2.5 -2.5 -1.5 ];
sentences = {'00456' '54841' '76802' '24621' '89135' '87470' '93692' '11755' '45923' '18314' '95569' '36514' '52277' '47048' '08168' '61793' '69009' '33980' '70287' '22336' };
offsets = [1378649 8612393 1481648 2914168 743943 4323092 4986575 3601515 6232618 8667737 8434432 6138773 1105743 6425692 1814481 7917140 4051464 4621054 8974212 1633347 ];

