# config: "EMA:1.1.0-APPP,ID:listener10-l,SETUP:KK1,SOUNDDEVICE:USB,SOUNDSTREAM:0,SOUNDCHANNELS:1,2"
target=0.50;discardreversals=2;startvalue=0.00;steps=[4  2  1];
threshold = [-10.50 ];
values = [0.00 -10.00 0.00 -5.00 -7.50 -9.00 -10.50 -8.00 -10.50 -10.00 -9.50 -11.00 -10.50 -9.00 -9.50 -10.00 -11.50 -11.00 -9.50 -11.00 ];
reversals = [0 1 -1 0 0 0 1 -1 1 0 -1 1 0 -1 0 0 1 0 -1 1 ];
measures = [0 0 0 0 0 0 1 1 1 1 1 1 1 1 1 1 1 1 1 1 ];
presentations = [1 2 3 4 5 6 7 8 9 10 11 12 13 14 15 16 17 18 19 20 ];
answers = [5 0 5 5 4 4 0 5 2 2 4 2 1 3 3 4 2 1 4 0 ];
adjustments = [-10 10 -5 -2.5 -1.5 -1.5 2.5 -2.5 0.5 0.5 -1.5 0.5 1.5 -0.5 -0.5 -1.5 0.5 1.5 -1.5 2.5 ];
sentences = {'34994' '87713' '70565' '86800' '65555' '47173' '09216' '48832' '91451' '35209' '03676' '23081' '52988' '14040' '29394' '51437' '92629' '18348' '70762' '66127' };
offsets = [5963399 7898417 3999002 4315069 4649319 7340652 6443122 4085767 7253359 5700755 222644 1664674 2331051 1804091 833098 7543085 6411682 2532359 1175306 6889067 ];

