# config: "EMA:1.1.0-APPP,ID:listener10-l,SETUP:KK1,SOUNDDEVICE:USB,SOUNDSTREAM:0,SOUNDCHANNELS:1,2"
target=0.50;discardreversals=2;startvalue=0.00;steps=[4  2  1];
threshold = [-18.50 ];
values = [0.00 -10.00 -20.00 -14.00 -17.00 -17.50 -17.00 -16.50 -16.00 -17.50 -16.00 -18.50 -21.00 -18.50 -20.00 -19.50 -22.00 -21.50 -20.00 -19.50 ];
reversals = [0 0 1 -1 0 1 0 0 -1 1 -1 0 1 -1 1 -1 1 0 0 0 ];
measures = [0 0 0 0 0 1 1 1 1 1 1 1 1 1 1 1 1 1 1 1 ];
presentations = [1 2 3 4 5 6 7 8 9 10 11 12 13 14 15 16 17 18 19 20 ];
answers = [5 5 1 4 3 2 2 2 4 1 5 5 0 4 2 5 2 1 2 2 ];
adjustments = [-10 -10 6 -3 -0.5 0.5 0.5 0.5 -1.5 1.5 -2.5 -2.5 2.5 -1.5 0.5 -2.5 0.5 1.5 0.5 0.5 ];
sentences = {'22336' '67850' '26626' '72141' '39994' '70287' '36514' '43285' '93692' '05413' '54841' '51779' '18502' '94067' '08168' '69009' '45923' '80338' '11755' '87470' };
offsets = [3316108 5904213 4427998 4875583 5897105 7887891 3321266 7542674 4868155 3030800 5150580 1939681 6124432 7483808 878303 3323678 8411494 2792645 4920718 3429921 ];

