# config: "EMA:1.1.0-APPP,ID:listener10-l,SETUP:KK1,SOUNDDEVICE:USB,SOUNDSTREAM:0,SOUNDCHANNELS:1,2"
target=0.50;discardreversals=2;startvalue=0.00;steps=[4  2  1];
threshold = [-20.75 ];
values = [0.00 -10.00 -20.00 -22.00 -28.00 -18.00 -21.00 -19.50 -20.00 -21.50 -23.00 -20.50 -22.00 -19.50 -21.00 -22.50 -23.00 -20.50 -19.00 -20.50 ];
reversals = [0 0 0 0 1 -1 1 -1 0 0 1 -1 1 -1 0 0 1 0 -1 0 ];
measures = [0 0 0 0 0 0 1 1 1 1 1 1 1 1 1 1 1 1 1 1 ];
presentations = [1 2 3 4 5 6 7 8 9 10 11 12 13 14 15 16 17 18 19 20 ];
answers = [5 5 3 4 0 4 1 3 4 4 0 4 0 4 4 3 0 1 4 3 ];
adjustments = [-10 -10 -2 -6 10 -3 1.5 -0.5 -1.5 -1.5 2.5 -1.5 2.5 -1.5 -1.5 -0.5 2.5 1.5 -1.5 -0.5 ];
sentences = {'15149' '59026' '31601' '26626' '39994' '18502' '67850' '24318' '43285' '48835' '66553' '90790' '05413' '94067' '80338' '72141' '51779' '82487' '03262' '77974' };
offsets = [5901241 4454556 5440024 4486223 166509 4035824 2267876 2159959 8504163 3157425 7904575 200452 2987681 4942935 7798888 7544923 207384 5836143 5994467 2159219 ];

