# config: "EMA:1.1.0-APPP,ID:listener10-l,SETUP:KK1,SOUNDDEVICE:USB,SOUNDSTREAM:0,SOUNDCHANNELS:1,2"
target=0.50;discardreversals=2;startvalue=0.00;steps=[4  2  1];
threshold = [-9.75 ];
values = [0.00 -10.00 0.00 -5.00 -7.50 -9.00 -9.50 -7.00 -9.50 -12.00 -11.50 -10.00 -12.50 -11.00 -9.50 -11.00 -11.50 -11.00 -8.50 -11.00 ];
reversals = [0 1 -1 0 0 0 1 -1 0 1 0 -1 1 0 -1 0 1 0 -1 0 ];
measures = [0 0 0 0 0 0 1 1 1 1 1 1 1 1 1 1 1 1 1 1 ];
presentations = [1 2 3 4 5 6 7 8 9 10 11 12 13 14 15 16 17 18 19 20 ];
answers = [5 0 5 5 4 3 0 5 5 2 1 5 1 1 4 3 2 0 5 3 ];
adjustments = [-10 10 -5 -2.5 -1.5 -0.5 2.5 -2.5 -2.5 0.5 1.5 -2.5 1.5 1.5 -1.5 -0.5 0.5 2.5 -2.5 -0.5 ];
sentences = {'24621' '08168' '11755' '52277' '00456' '93692' '45923' '70287' '61793' '87470' '36514' '18314' '95569' '54841' '47048' '89135' '22336' '76802' '33980' '69009' };
offsets = [5115701 2418013 325604 4660154 453691 4514569 7971175 6976772 409248 9360407 2936047 3707959 7030854 4150085 2638521 4959047 2551672 8581759 3771560 1285127 ];

