# config: "EMA:1.1.0-APPP,ID:listener10-l,SETUP:KK1,SOUNDDEVICE:USB,SOUNDSTREAM:0,SOUNDCHANNELS:1,2"
target=0.75;minreversals=14;discardreversals=4;minmeasures=25;startvalue=20.00;steps=[4  4  2  1];
threshold = [15.00 ];
values = [20.00 16.00 12.00 8.00 8.00 24.00 20.00 18.00 16.00 14.00 12.00 12.00 12.00 12.00 10.00 8.00 6.00 6.00 12.00 12.00 11.00 15.00 15.00 15.00 15.00 14.00 18.00 17.00 16.00 16.00 16.00 15.00 14.00 13.00 13.00 13.00 12.00 12.00 11.00 10.00 9.00 9.00 9.00 9.00 8.00 8.00 8.00 7.00 7.00 7.00 6.00 10.00 10.00 10.00 14.00 13.00 12.00 12.00 12.00 12.00 12.00 12.00 11.00 15.00 14.00 14.00 18.00 17.00 17.00 21.00 20.00 20.00 20.00 20.00 20.00 19.00 18.00 17.00 16.00 16.00 20.00 20.00 19.00 19.00 ];
reversals = [0 0 0 0 1 -1 0 0 0 0 0 0 0 0 0 0 0 1 0 -1 1 0 0 0 -1 1 -1 0 0 0 0 0 0 0 0 0 0 0 0 0 0 0 0 0 0 0 0 0 0 0 1 0 0 0 -1 0 0 0 0 0 0 0 1 -1 0 1 -1 0 1 -1 0 0 0 0 0 0 0 0 0 1 0 -1 0 0 ];
measures = [0 0 0 0 0 0 0 0 0 0 0 0 0 0 0 0 0 0 0 0 1 1 1 1 1 1 1 1 1 1 1 1 1 1 1 1 1 1 1 1 1 1 1 1 1 1 1 1 1 1 1 1 1 1 1 1 1 1 1 1 1 1 1 1 1 1 1 1 1 1 1 1 1 1 1 1 1 1 1 1 1 1 1 1 ];
presentations = [1 1 1 0 0 1 1 1 1 1 0 0 0 1 1 1 0 1 0 1 0 0 0 0 1 0 1 1 0 0 1 1 1 0 0 1 0 1 1 1 0 0 0 1 0 0 1 0 0 1 0 0 0 0 1 1 0 0 0 0 0 1 0 1 0 0 1 0 0 1 0 0 0 0 1 1 1 1 0 0 0 1 0 1 ];
answers = [1 1 1 0 1 1 1 1 1 1 0 0 0 1 1 1 0 0 0 1 1 0 0 0 1 1 1 1 0 0 1 1 1 0 0 1 0 1 1 1 0 0 0 1 0 0 1 0 0 1 1 0 0 1 1 1 0 0 0 0 0 1 1 1 0 1 1 0 1 1 0 0 0 0 1 1 1 1 0 1 0 1 0 1 ];
adjustments = [-4 -4 -4 0 16 -4 -2 -2 -2 -2 0 0 0 -2 -2 -2 0 6 0 -1 4 0 0 0 -1 4 -1 -1 0 0 -1 -1 -1 0 0 -1 0 -1 -1 -1 0 0 0 -1 0 0 -1 0 0 -1 4 0 0 4 -1 -1 0 0 0 0 0 -1 4 -1 0 4 -1 0 4 -1 0 0 0 0 -1 -1 -1 -1 0 4 0 -1 0 -1 ];
offsets = [772866 3684402 1791339 2902928 102919 1676763 4374439 2960007 1344632 1631451 4109078 147053 812059 4888726 1095414 721796 3402089 2631263 979692 2419556 4593645 2262637 1032702 4305144 197175 2780316 3060100 2172038 3408991 5253141 2817829 1355553 1689983 2856385 4733995 3764441 569656 574246 751478 3422901 4324623 2674382 5110459 1561646 4291449 1627782 3538800 3748274 4284046 4590488 2907306 4421325 743152 1674657 1675930 2884288 117694 632498 3418972 4181202 2392135 2233804 1014433 1016947 3625322 888535 1952653 2337514 3404445 4164541 923065 2486247 712207 3743025 4163325 1805794 1767678 2889132 4212257 762695 5254828 2396336 860279 1182624 ];

