# config: "EMA:1.1.0-APPP,ID:listener10-l,SETUP:KK1,SOUNDDEVICE:USB,SOUNDSTREAM:0,SOUNDCHANNELS:1,2"
target=0.75;minreversals=14;discardreversals=4;minmeasures=25;startvalue=20.00;steps=[4  4  2  1];
threshold = [1.50 ];
values = [20.00 16.00 12.00 8.00 8.00 4.00 0.00 -4.00 -4.00 8.00 4.00 4.00 2.00 0.00 -2.00 -4.00 -4.00 2.00 1.00 0.00 0.00 -1.00 -2.00 -3.00 -4.00 -1.00 -1.00 -1.00 3.00 2.00 1.00 0.00 -1.00 -2.00 -3.00 0.00 -1.00 -2.00 2.00 1.00 1.00 1.00 1.00 1.00 0.00 0.00 0.00 0.00 -1.00 -1.00 -1.00 2.00 1.00 1.00 0.00 -1.00 -1.00 3.00 2.00 2.00 2.00 2.00 1.00 5.00 5.00 4.00 3.00 3.00 7.00 6.00 6.00 5.00 5.00 5.00 4.00 ];
reversals = [0 0 0 0 0 0 0 0 1 -1 0 0 0 0 0 0 1 -1 0 0 0 0 0 0 1 0 0 0 -1 0 0 0 0 0 1 -1 0 1 -1 0 0 0 0 0 0 0 0 0 0 0 1 -1 0 0 0 0 1 -1 0 0 0 0 1 0 -1 0 0 1 -1 0 0 0 0 0 0 ];
measures = [0 0 0 0 0 0 0 0 0 0 0 0 0 0 0 0 0 0 0 0 0 0 0 0 1 1 1 1 1 1 1 1 1 1 1 1 1 1 1 1 1 1 1 1 1 1 1 1 1 1 1 1 1 1 1 1 1 1 1 1 1 1 1 1 1 1 1 1 1 1 1 1 1 1 1 ];
presentations = [1 1 1 0 1 1 1 0 1 1 0 1 1 1 1 0 1 1 1 0 1 1 1 1 1 0 0 0 1 1 1 1 1 1 1 1 1 0 1 0 0 0 0 1 0 0 0 1 0 0 1 1 0 1 1 0 0 1 0 0 0 1 0 0 1 1 0 0 1 0 1 0 0 1 1 ];
answers = [1 1 1 0 1 1 1 0 0 1 0 1 1 1 1 0 0 1 1 0 1 1 1 1 0 0 0 1 1 1 1 1 1 1 0 1 1 1 1 0 0 0 0 1 0 0 0 1 0 0 0 1 0 1 1 0 1 1 0 0 0 1 1 0 1 1 0 1 1 0 1 0 0 1 1 ];
adjustments = [-4 -4 -4 0 -4 -4 -4 0 12 -4 0 -2 -2 -2 -2 0 6 -1 -1 0 -1 -1 -1 -1 3 0 0 4 -1 -1 -1 -1 -1 -1 3 -1 -1 4 -1 0 0 0 0 -1 0 0 0 -1 0 0 3 -1 0 -1 -1 0 4 -1 0 0 0 -1 4 0 -1 -1 0 4 -1 0 -1 0 0 -1 -1 ];
offsets = [1468554 1736933 1922796 2810400 2516315 2488483 4242177 147265 1207147 4322108 4148322 3967252 2625265 3707747 4574380 2453824 1207238 970332 3015466 3787804 490076 3677001 5048818 853509 5196672 4039767 2329094 2365062 3525429 295603 1032144 344501 1056484 4686155 3478085 2007175 596656 3088376 2481389 133573 937862 3023088 2435036 3003347 4368629 362485 1476643 2499007 129941 196461 1285540 4298615 4292770 3297449 1452201 4495518 3018991 2472170 3146597 4120356 2273626 972470 2432001 3266724 1266369 4417253 3608670 1322494 776921 1580865 2385518 375969 4988838 4484885 3670310 ];

