# config: "EMA:1.1.0-APPP,ID:listener10-l,SETUP:KK1,SOUNDDEVICE:USB,SOUNDSTREAM:0,SOUNDCHANNELS:1,2"
target=0.75;minreversals=14;discardreversals=4;minmeasures=25;startvalue=20.00;steps=[4  4  2  1];
threshold = [-1.50 ];
values = [20.00 16.00 12.00 8.00 4.00 0.00 -4.00 8.00 8.00 8.00 8.00 8.00 8.00 4.00 2.00 2.00 0.00 0.00 0.00 -2.00 -2.00 -2.00 -2.00 -4.00 -4.00 -4.00 -4.00 2.00 2.00 1.00 1.00 0.00 -1.00 -2.00 1.00 0.00 0.00 0.00 0.00 0.00 -1.00 3.00 2.00 2.00 2.00 2.00 1.00 1.00 1.00 0.00 0.00 0.00 0.00 -1.00 -1.00 -2.00 -3.00 -4.00 -4.00 -5.00 -2.00 -2.00 -3.00 -3.00 -3.00 -4.00 -1.00 -2.00 -3.00 -3.00 -3.00 -3.00 -4.00 -4.00 -1.00 -2.00 2.00 2.00 1.00 1.00 1.00 1.00 0.00 -1.00 -1.00 -2.00 ];
reversals = [0 0 0 0 0 0 1 0 0 0 0 0 -1 0 0 0 0 0 0 0 0 0 0 0 0 0 1 0 -1 0 0 0 0 1 -1 0 0 0 0 0 1 -1 0 0 0 0 0 0 0 0 0 0 0 0 0 0 0 0 0 1 0 -1 0 0 0 1 -1 0 0 0 0 0 0 1 -1 1 0 -1 0 0 0 0 0 0 0 0 ];
measures = [0 0 0 0 0 0 0 0 0 0 0 0 0 0 0 0 0 0 0 0 0 0 0 0 0 0 0 0 0 0 0 0 0 1 1 1 1 1 1 1 1 1 1 1 1 1 1 1 1 1 1 1 1 1 1 1 1 1 1 1 1 1 1 1 1 1 1 1 1 1 1 1 1 1 1 1 1 1 1 1 1 1 1 1 1 1 ];
presentations = [1 1 1 1 1 1 1 0 0 0 0 0 1 1 0 1 0 0 1 0 0 0 1 0 0 0 1 0 1 0 1 1 1 1 1 0 0 0 0 1 0 1 0 0 0 1 0 0 1 0 0 0 1 0 1 1 1 0 1 1 0 1 0 0 1 1 1 1 0 0 0 1 0 1 1 0 0 1 0 0 0 1 1 0 1 1 ];
answers = [1 1 1 1 1 1 0 0 0 0 0 0 1 1 0 1 0 0 1 0 0 0 1 0 0 0 0 0 1 0 1 1 1 0 1 0 0 0 0 1 1 1 0 0 0 1 0 0 1 0 0 0 1 0 1 1 1 0 1 0 0 1 0 0 1 0 1 1 0 0 0 1 0 0 1 1 0 1 0 0 0 1 1 0 1 1 ];
adjustments = [-4 -4 -4 -4 -4 -4 12 0 0 0 0 0 -4 -2 0 -2 0 0 -2 0 0 0 -2 0 0 0 6 0 -1 0 -1 -1 -1 3 -1 0 0 0 0 -1 4 -1 0 0 0 -1 0 0 -1 0 0 0 -1 0 -1 -1 -1 0 -1 3 0 -1 0 0 -1 3 -1 -1 0 0 0 -1 0 3 -1 4 0 -1 0 0 0 -1 -1 0 -1 -1 ];
offsets = [3968024 3873031 4838657 4969545 677216 892150 5224772 85193 3739462 3968895 2527670 2911299 4905351 4224296 236401 162372 3368748 518620 21419 4247598 1656313 545886 469431 1449721 3444088 2121574 3163028 4463267 457932 5050841 2469095 1316781 2366799 718312 157334 3291503 1944165 2037607 1918365 4539453 3883974 4610942 1238378 2289074 4997913 3831427 4699671 658135 4134537 1495478 5030191 5087054 4751206 1346694 4462036 2220215 4309052 1681177 3719038 263174 2310817 4709812 3183013 3136933 3804464 464456 4184689 1806747 4964281 2981562 4820139 4233647 656808 2739145 1765383 171218 2237656 111108 1619607 1180848 979741 4004213 3980690 2482082 1342195 2875232 ];

