# config: "EMA:1.1.0-APPP,ID:listener10-l,SETUP:KK1,SOUNDDEVICE:USB,SOUNDSTREAM:0,SOUNDCHANNELS:1,2"
target=0.75;minreversals=14;discardreversals=4;minmeasures=25;startvalue=20.00;steps=[4  4  2  1];
threshold = [-3.50 ];
values = [20.00 16.00 12.00 8.00 4.00 4.00 4.00 0.00 0.00 -4.00 8.00 4.00 4.00 4.00 4.00 4.00 2.00 0.00 -2.00 -4.00 -4.00 -4.00 -4.00 -6.00 -6.00 -8.00 -2.00 -3.00 -4.00 -4.00 -5.00 -5.00 -5.00 -6.00 -6.00 -6.00 -3.00 -3.00 -4.00 -5.00 -6.00 -6.00 -6.00 -6.00 -3.00 -4.00 -5.00 -2.00 -3.00 -4.00 -4.00 -5.00 -5.00 -5.00 -6.00 -7.00 -7.00 -7.00 -7.00 -4.00 -5.00 -2.00 -3.00 -4.00 -4.00 -5.00 -5.00 -2.00 -3.00 0.00 -1.00 -1.00 -1.00 -2.00 ];
reversals = [0 0 0 0 0 0 0 0 0 1 -1 0 0 0 0 0 0 0 0 0 0 0 0 0 0 1 -1 0 0 0 0 0 0 0 0 1 0 -1 0 0 0 0 0 1 -1 0 1 -1 0 0 0 0 0 0 0 0 0 0 1 -1 1 -1 0 0 0 0 1 -1 1 -1 0 0 0 0 ];
measures = [0 0 0 0 0 0 0 0 0 0 0 0 0 0 0 0 0 0 0 0 0 0 0 0 0 0 0 0 0 0 0 0 0 0 0 1 1 1 1 1 1 1 1 1 1 1 1 1 1 1 1 1 1 1 1 1 1 1 1 1 1 1 1 1 1 1 1 1 1 1 1 1 1 1 ];
presentations = [1 1 1 1 0 0 1 0 1 1 1 0 0 0 0 1 1 1 1 0 0 0 1 0 1 1 1 1 0 1 0 0 1 0 0 1 0 1 1 1 0 0 0 1 1 1 1 1 1 0 1 0 0 1 1 0 0 0 1 1 1 1 1 0 1 0 1 1 1 1 0 0 1 1 ];
answers = [1 1 1 1 0 0 1 0 1 0 1 0 0 0 0 1 1 1 1 0 0 0 1 0 1 0 1 1 0 1 0 0 1 0 0 0 0 1 1 1 0 0 0 0 1 1 0 1 1 0 1 0 0 1 1 0 0 0 0 1 0 1 1 0 1 0 0 1 0 1 0 0 1 1 ];
adjustments = [-4 -4 -4 -4 0 0 -4 0 -4 12 -4 0 0 0 0 -2 -2 -2 -2 0 0 0 -2 0 -2 6 -1 -1 0 -1 0 0 -1 0 0 3 0 -1 -1 -1 0 0 0 3 -1 -1 3 -1 -1 0 -1 0 0 -1 -1 0 0 0 3 -1 3 -1 -1 0 -1 0 3 -1 3 -1 0 0 -1 -1 ];
offsets = [597085 2863366 68138 5143059 127882 4385432 2029438 2177034 4224386 1837627 924077 4440055 217451 627260 4944158 282577 3779346 3416206 3717001 4979105 300394 1586148 4449834 1564024 3029824 3994574 5189710 2640854 5039342 2150948 594796 5011031 3915582 1932318 2097746 4924591 681346 4899525 14658 2563229 2701619 3637604 2307622 4678933 3274618 3454612 4295677 1724557 2928769 2375395 2217372 3621035 2180779 2638921 2903425 1787748 4276 2505971 2135457 3686587 4075082 3033227 4597019 1001474 1415316 4572992 4012581 4515889 2870027 3471301 4240689 4620281 1353346 1026959 ];

