# config: "EMA:1.1.0-APPP,ID:listener10-l,SETUP:KK1,SOUNDDEVICE:USB,SOUNDSTREAM:0,SOUNDCHANNELS:1,2"
target=0.75;minreversals=14;discardreversals=4;minmeasures=25;startvalue=20.00;steps=[4  4  2  1];
threshold = [2.00 ];
values = [20.00 16.00 12.00 8.00 4.00 0.00 0.00 12.00 12.00 8.00 8.00 6.00 6.00 6.00 4.00 4.00 4.00 2.00 2.00 0.00 0.00 0.00 0.00 0.00 0.00 0.00 -2.00 -2.00 -2.00 4.00 4.00 4.00 4.00 3.00 7.00 7.00 6.00 5.00 4.00 3.00 2.00 2.00 1.00 1.00 1.00 1.00 1.00 1.00 1.00 1.00 1.00 0.00 -1.00 -1.00 -1.00 -1.00 -1.00 -1.00 -1.00 2.00 2.00 1.00 1.00 1.00 0.00 0.00 0.00 -1.00 2.00 1.00 1.00 5.00 4.00 4.00 4.00 4.00 3.00 3.00 3.00 2.00 2.00 1.00 1.00 1.00 1.00 1.00 1.00 1.00 1.00 1.00 1.00 0.00 3.00 2.00 2.00 2.00 2.00 2.00 1.00 1.00 0.00 0.00 0.00 -1.00 ];
reversals = [0 0 0 0 0 0 1 0 -1 0 0 0 0 0 0 0 0 0 0 0 0 0 0 0 0 0 0 0 1 0 0 0 -1 1 0 -1 0 0 0 0 0 0 0 0 0 0 0 0 0 0 0 0 0 0 0 0 0 0 1 0 -1 0 0 0 0 0 0 1 -1 0 1 -1 0 0 0 0 0 0 0 0 0 0 0 0 0 0 0 0 0 0 0 1 -1 0 0 0 0 0 0 0 0 0 0 1 ];
measures = [0 0 0 0 0 0 0 0 0 0 0 0 0 0 0 0 0 0 0 0 0 0 0 0 0 0 0 0 0 0 0 0 0 1 1 1 1 1 1 1 1 1 1 1 1 1 1 1 1 1 1 1 1 1 1 1 1 1 1 1 1 1 1 1 1 1 1 1 1 1 1 1 1 1 1 1 1 1 1 1 1 1 1 1 1 1 1 1 1 1 1 1 1 1 1 1 1 1 1 1 1 1 1 1 ];
presentations = [1 1 1 1 1 0 1 0 1 0 1 0 0 1 0 0 1 0 1 0 0 0 0 0 0 1 0 0 1 0 0 0 1 0 0 1 1 1 1 1 0 1 0 0 0 0 0 0 0 0 1 1 0 0 0 0 0 0 1 0 1 0 0 1 0 0 1 1 1 0 0 1 0 0 0 1 0 0 1 0 1 0 0 0 0 0 0 0 0 0 1 1 1 0 0 0 0 1 0 1 0 0 1 1 ];
answers = [1 1 1 1 1 0 0 0 1 0 1 0 0 1 0 0 1 0 1 0 0 0 0 0 0 1 0 0 0 0 0 0 1 1 0 1 1 1 1 1 0 1 0 0 0 0 0 0 0 0 1 1 0 0 0 0 0 0 0 0 1 0 0 1 0 0 1 0 1 0 1 1 0 0 0 1 0 0 1 0 1 0 0 0 0 0 0 0 0 0 1 0 1 0 0 0 0 1 0 1 0 0 1 0 ];
adjustments = [-4 -4 -4 -4 -4 0 12 0 -4 0 -2 0 0 -2 0 0 -2 0 -2 0 0 0 0 0 0 -2 0 0 6 0 0 0 -1 4 0 -1 -1 -1 -1 -1 0 -1 0 0 0 0 0 0 0 0 -1 -1 0 0 0 0 0 0 3 0 -1 0 0 -1 0 0 -1 3 -1 0 4 -1 0 0 0 -1 0 0 -1 0 -1 0 0 0 0 0 0 0 0 0 -1 3 -1 0 0 0 0 -1 0 -1 0 0 -1 3 ];
offsets = [4479176 1460487 2303388 1930579 5230492 4009611 678968 4035590 2249013 2479565 5152272 4132290 1221361 3186280 1489999 3287834 2009276 3076032 3425917 5061645 512757 2746239 2232027 4434839 727031 4898157 2468644 1778399 4818763 4936990 4927778 4657147 3826014 56441 1369761 2939019 606090 5162909 5078797 2708355 2364856 782970 521801 619498 1997050 3412060 927999 1692060 4231288 4528570 3631964 2179871 4858541 4968339 4709677 5151368 2576474 2446616 2166646 2389573 511173 839952 2056480 1305932 4626390 3622325 5060670 2989235 3676824 1764499 758322 1880993 2299838 4887347 3463394 3961186 36101 2969154 2937306 179948 115934 4672134 637765 3127358 4910465 1090650 1598899 2050197 83838 3881130 2480623 4122784 108276 1440074 4876506 3017955 1649806 721819 4651529 4965374 738253 800106 731788 3408529 ];

