# config: "EMA:1.1.0-APPP,ID:listener05-l,SETUP:KK1,SOUNDDEVICE:USB,SOUNDSTREAM:0,SOUNDCHANNELS:1,2"
target=0.50;discardreversals=2;startvalue=0.00;steps=[4  2  1];
threshold = [-4.00 ];
values = [0.00 -10.00 0.00 -5.00 -4.50 -4.00 -1.50 -4.00 -2.50 0.00 -0.50 -3.00 -4.50 -4.00 -5.50 -7.00 -7.50 -6.00 -4.50 -2.00 ];
reversals = [0 1 -1 1 0 0 -1 1 0 -1 0 0 1 -1 0 0 1 0 0 0 ];
measures = [0 0 0 1 1 1 1 1 1 1 1 1 1 1 1 1 1 1 1 1 ];
presentations = [1 2 3 4 5 6 7 8 9 10 11 12 13 14 15 16 17 18 19 20 ];
answers = [5 0 5 2 2 0 5 1 0 3 5 4 2 4 4 3 1 1 0 0 ];
adjustments = [-10 10 -5 0.5 0.5 2.5 -2.5 1.5 2.5 -0.5 -2.5 -1.5 0.5 -1.5 -1.5 -0.5 1.5 1.5 2.5 2.5 ];
sentences = {'14040' '35209' '87713' '77974' '52988' '66127' '15149' '03676' '91451' '59026' '66553' '03262' '24318' '82487' '29394' '70565' '90790' '48835' '48832' '31601' };
offsets = [5326393 7767160 5724134 4737027 3278695 1503112 6598309 4811589 7749184 5874499 597014 7014064 8336691 2606305 6368947 7026539 5084918 358909 5454780 34454 ];

