# config: "EMA:1.1.0-APPP,ID:listener05-l,SETUP:KK1,SOUNDDEVICE:USB,SOUNDSTREAM:0,SOUNDCHANNELS:1,2"
target=0.50;discardreversals=2;startvalue=0.00;steps=[4  2  1];
threshold = [1.00 ];
values = [0.00 2.00 -4.00 1.00 0.50 -1.00 -0.50 0.00 0.50 0.00 0.50 1.00 0.50 3.00 0.50 2.00 2.50 1.00 1.50 2.00 ];
reversals = [0 -1 1 -1 0 1 0 0 -1 1 0 -1 1 -1 1 0 -1 1 0 -1 ];
measures = [0 0 0 1 1 1 1 1 1 1 1 1 1 1 1 1 1 1 1 1 ];
presentations = [1 2 3 4 5 6 7 8 9 10 11 12 13 14 15 16 17 18 19 20 ];
answers = [2 4 0 3 4 2 2 2 3 2 2 3 0 5 1 2 4 2 2 3 ];
adjustments = [2 -6 5 -0.5 -1.5 0.5 0.5 0.5 -0.5 0.5 0.5 -0.5 2.5 -2.5 1.5 0.5 -1.5 0.5 0.5 -0.5 ];
sentences = {'48835' '59026' '90790' '03262' '80338' '43285' '24318' '26626' '66553' '05413' '31601' '67850' '51779' '77974' '82487' '94067' '39994' '72141' '18502' '15149' };
offsets = [4851372 4384000 2683020 3496077 5034381 1502010 3619280 2788764 4447452 3200368 3611212 2229652 6450798 5683391 3991491 436519 3884199 2240487 2890548 6042392 ];

