# config: "EMA:1.1.0-APPP,ID:listener05-l,SETUP:KK1,SOUNDDEVICE:USB,SOUNDSTREAM:0,SOUNDCHANNELS:1,2"
target=0.50;discardreversals=2;startvalue=0.00;steps=[4  2  1];
threshold = [-1.50 ];
values = [0.00 -10.00 0.00 -5.00 -2.50 -2.00 -1.50 -4.00 -5.50 -3.00 -1.50 -1.00 1.50 2.00 -0.50 -1.00 -1.50 -2.00 -0.50 -1.00 ];
reversals = [0 1 -1 1 0 0 -1 0 1 0 0 0 0 -1 0 0 0 1 -1 1 ];
measures = [0 0 0 1 1 1 1 1 1 1 1 1 1 1 1 1 1 1 1 1 ];
presentations = [1 2 3 4 5 6 7 8 9 10 11 12 13 14 15 16 17 18 19 20 ];
answers = [5 0 5 0 2 2 5 4 0 1 2 0 2 5 3 3 3 1 3 1 ];
adjustments = [-10 10 -5 2.5 0.5 0.5 -2.5 -1.5 2.5 1.5 0.5 2.5 0.5 -2.5 -0.5 -0.5 -0.5 1.5 -0.5 1.5 ];
sentences = {'90013' '12339' '23448' '69444' '68271' '15952' '44529' '98162' '76600' '37886' '77705' '85813' '21080' '51195' '44697' '89364' '33528' '02737' '06251' '50976' };
offsets = [6847440 7891688 3786205 4870971 8472808 6673852 3118223 9622828 7567172 6619923 3235098 4426361 6404900 9301419 6309577 2489241 8519799 8130981 1659036 1498655 ];

