# config: "EMA:1.1.0-APPP,ID:listener05-l,SETUP:KK1,SOUNDDEVICE:USB,SOUNDSTREAM:0,SOUNDCHANNELS:1,2"
target=0.50;discardreversals=2;startvalue=0.00;steps=[4  2  1];
threshold = [0.50 ];
values = [0.00 10.00 0.00 -1.00 2.00 1.50 3.00 0.50 0.00 -1.50 -2.00 0.50 0.00 0.50 -1.00 0.50 -1.00 -0.50 1.00 1.50 ];
reversals = [0 -1 0 1 -1 1 -1 0 0 0 1 -1 1 -1 1 -1 1 0 0 -1 ];
measures = [0 0 0 0 1 1 1 1 1 1 1 1 1 1 1 1 1 1 1 1 ];
presentations = [1 2 3 4 5 6 7 8 9 10 11 12 13 14 15 16 17 18 19 20 ];
answers = [0 5 3 1 3 1 5 3 4 3 0 3 2 4 1 4 2 1 2 3 ];
adjustments = [10 -10 -1 3 -0.5 1.5 -2.5 -0.5 -1.5 -0.5 2.5 -0.5 0.5 -1.5 1.5 -1.5 0.5 1.5 0.5 -0.5 ];
sentences = {'00456' '61793' '03491' '41634' '16140' '33980' '68819' '24621' '18314' '89135' '95569' '74972' '30757' '99308' '52277' '55025' '22586' '87263' '47048' '76802' };
offsets = [2914430 3237783 3221601 7507727 4577712 2023547 2891492 21562 5993559 2106450 5090417 8381310 3461221 7523488 2965991 759731 4272585 1707314 4267747 1423483 ];

