# config: "EMA:1.1.0-APPP,ID:listener05-l,SETUP:KK1,SOUNDDEVICE:USB,SOUNDSTREAM:0,SOUNDCHANNELS:1,2"
target=0.50;discardreversals=2;startvalue=0.00;steps=[4  2  1];
threshold = [-12.25 ];
values = [0.00 -10.00 -8.00 -13.00 -11.50 -13.00 -12.50 -14.00 -11.50 -12.00 -11.50 -9.00 -10.50 -13.00 -13.50 -12.00 -12.50 -14.00 -11.50 -11.00 ];
reversals = [0 1 -1 1 -1 1 -1 1 -1 1 0 -1 0 0 1 -1 0 1 0 -1 ];
measures = [0 0 0 1 1 1 1 1 1 1 1 1 1 1 1 1 1 1 1 1 ];
presentations = [1 2 3 4 5 6 7 8 9 10 11 12 13 14 15 16 17 18 19 20 ];
answers = [5 2 5 1 4 2 4 0 3 2 0 4 5 3 1 3 4 0 2 4 ];
adjustments = [-10 2 -5 1.5 -1.5 0.5 -1.5 2.5 -0.5 0.5 2.5 -1.5 -2.5 -0.5 1.5 -0.5 -1.5 2.5 0.5 -1.5 ];
sentences = {'23448' '82009' '90013' '02737' '07970' '76600' '29744' '37886' '51417' '51195' '78835' '89364' '68271' '15952' '10681' '34226' '63558' '46393' '44529' '95162' };
offsets = [3507062 7801291 956712 196330 2452070 2866267 2851188 6106495 2726248 2976749 3322557 7232672 3350676 248125 3109517 1246108 5706472 2014927 7234288 5988705 ];

