# config: "EMA:1.1.0-APPP,ID:listener05-l,SETUP:KK1,SOUNDDEVICE:USB,SOUNDSTREAM:0,SOUNDCHANNELS:1,2"
target=0.50;discardreversals=2;startvalue=0.00;steps=[4  2  1];
threshold = [-1.00 ];
values = [0.00 10.00 4.00 1.00 2.00 1.50 2.00 1.50 -1.00 -2.50 -4.00 -1.50 -1.00 0.50 1.00 -0.50 -1.00 -3.50 -3.00 -4.50 ];
reversals = [0 -1 0 1 -1 1 -1 0 0 0 1 0 0 0 -1 0 0 1 -1 1 ];
measures = [0 0 0 0 1 1 1 1 1 1 1 1 1 1 1 1 1 1 1 1 ];
presentations = [1 2 3 4 5 6 7 8 9 10 11 12 13 14 15 16 17 18 19 20 ];
answers = [0 4 4 2 3 2 3 5 4 4 0 2 1 2 4 3 5 2 4 0 ];
adjustments = [10 -6 -3 1 -0.5 0.5 -0.5 -2.5 -1.5 -1.5 2.5 0.5 1.5 0.5 -1.5 -0.5 -2.5 0.5 -1.5 2.5 ];
sentences = {'82487' '66553' '00456' '18314' '31601' '48835' '03262' '24621' '24318' '95569' '77974' '89135' '61793' '33980' '15149' '76802' '59026' '52277' '47048' '90790' };
offsets = [1951191 6917679 1030604 4052833 2193079 7811228 1756872 242627 7271150 8106043 1030192 4254370 2689367 2686281 7721852 3018832 6544576 7511277 2941213 4597783 ];

