# config: "EMA:1.1.0-APPP,ID:listener05-l,SETUP:KK1,SOUNDDEVICE:USB,SOUNDSTREAM:0,SOUNDCHANNELS:1,2"
target=0.50;discardreversals=2;startvalue=0.00;steps=[4  2  1];
threshold = [-11.25 ];
values = [0.00 -10.00 -16.00 -6.00 -9.00 -10.50 -12.00 -10.50 -8.00 -8.50 -11.00 -11.50 -9.00 -10.50 -12.00 -12.50 -11.00 -12.50 -12.00 -9.50 ];
reversals = [0 0 1 -1 0 0 1 0 -1 0 0 1 -1 0 0 1 -1 1 0 -1 ];
measures = [0 0 0 0 0 0 1 1 1 1 1 1 1 1 1 1 1 1 1 1 ];
presentations = [1 2 3 4 5 6 7 8 9 10 11 12 13 14 15 16 17 18 19 20 ];
answers = [5 4 0 4 4 4 1 0 3 5 3 0 4 4 3 1 4 2 0 3 ];
adjustments = [-10 -6 10 -3 -1.5 -1.5 1.5 2.5 -0.5 -2.5 -0.5 2.5 -1.5 -1.5 -0.5 1.5 -1.5 0.5 2.5 -0.5 ];
sentences = {'34226' '29744' '95162' '41634' '03491' '99308' '07970' '87263' '22586' '16140' '68819' '78835' '51417' '10681' '30757' '63558' '55025' '74972' '46393' '82009' };
offsets = [6572005 9372843 5338370 489445 813248 186634 5557608 7183667 2179459 128799 656466 3816065 9628166 9020901 8505549 5353076 2250399 548873 6141049 8406077 ];

