# config: "EMA:1.1.0-APPP,ID:listener05-l,SETUP:KK1,SOUNDDEVICE:USB,SOUNDSTREAM:0,SOUNDCHANNELS:1,2"
target=0.50;discardreversals=2;startvalue=0.00;steps=[4  2  1];
threshold = [0.00 ];
values = [0.00 2.00 0.00 -1.00 0.00 -0.50 -1.00 -3.50 -1.00 0.50 -2.00 -0.50 2.00 0.50 0.00 0.50 2.00 3.50 1.00 -0.50 ];
reversals = [0 -1 0 1 -1 0 0 1 0 -1 1 0 -1 0 1 0 0 -1 0 1 ];
measures = [0 0 0 0 1 1 1 1 1 1 1 1 1 1 1 1 1 1 1 1 ];
presentations = [1 2 3 4 5 6 7 8 9 10 11 12 13 14 15 16 17 18 19 20 ];
answers = [2 3 3 2 3 3 5 0 1 5 1 0 4 3 2 1 1 5 4 2 ];
adjustments = [2 -2 -1 1 -0.5 -0.5 -2.5 2.5 1.5 -2.5 1.5 2.5 -1.5 -0.5 0.5 1.5 1.5 -2.5 -1.5 0.5 ];
sentences = {'46393' '14040' '03676' '10681' '70565' '95162' '34226' '48832' '87713' '35209' '07970' '91451' '82009' '52988' '63558' '78835' '51417' '29744' '29394' '66127' };
offsets = [4313218 4925782 5033649 1445276 326361 5617391 1325623 5496131 6726842 1665855 2438368 873534 4105896 1691038 5430817 7766860 3063550 4160023 1426752 6119422 ];

