# config: "EMA:1.1.0-APPP,ID:listener05-l,SETUP:KK1,SOUNDDEVICE:USB,SOUNDSTREAM:0,SOUNDCHANNELS:1,2"
target=0.50;discardreversals=2;startvalue=0.00;steps=[4  2  1];
threshold = [-27.00 ];
values = [0.00 -10.00 -20.00 -26.00 -16.00 -21.00 -21.50 -24.00 -26.50 -29.00 -26.50 -29.00 -26.50 -28.00 -29.50 -29.00 -26.50 -27.00 -27.50 -26.00 ];
reversals = [0 0 0 1 -1 0 0 0 0 1 -1 1 -1 0 1 0 -1 0 1 -1 ];
measures = [0 0 0 0 0 0 0 0 0 1 1 1 1 1 1 1 1 1 1 1 ];
presentations = [1 2 3 4 5 6 7 8 9 10 11 12 13 14 15 16 17 18 19 20 ];
answers = [5 5 4 0 5 3 5 5 5 0 5 0 4 4 2 0 3 3 1 4 ];
adjustments = [-10 -10 -6 10 -5 -0.5 -2.5 -2.5 -2.5 2.5 -2.5 2.5 -1.5 -1.5 0.5 2.5 -0.5 -0.5 1.5 -1.5 ];
sentences = {'18502' '72141' '05413' '67850' '26626' '51437' '47173' '92629' '65555' '43285' '86800' '09216' '23081' '70762' '94067' '34994' '39994' '80338' '51779' '18348' };
offsets = [5836647 4406084 4174156 5688700 271927 735119 3062760 1395902 2269685 5497438 1212280 1983270 5267159 195865 497722 963563 6709026 3978100 272390 194496 ];

