# config: "EMA:1.1.0-APPP,ID:listener05-l,SETUP:KK1,SOUNDDEVICE:USB,SOUNDSTREAM:0,SOUNDCHANNELS:1,2"
target=0.50;discardreversals=2;startvalue=0.00;steps=[4  2  1];
threshold = [-3.00 ];
values = [0.00 -6.00 4.00 -1.00 -3.50 -4.00 -2.50 -3.00 -2.50 -5.00 -2.50 -5.00 -3.50 -2.00 -3.50 -5.00 -5.50 -3.00 -2.50 -3.00 ];
reversals = [0 1 -1 0 0 1 -1 1 -1 1 -1 1 0 -1 0 0 1 0 -1 1 ];
measures = [0 0 0 0 0 1 1 1 1 1 1 1 1 1 1 1 1 1 1 1 ];
presentations = [1 2 3 4 5 6 7 8 9 10 11 12 13 14 15 16 17 18 19 20 ];
answers = [4 0 5 5 3 1 3 2 5 0 5 1 1 4 4 3 0 2 3 0 ];
adjustments = [-6 10 -5 -2.5 -0.5 1.5 -0.5 0.5 -2.5 2.5 -2.5 1.5 1.5 -1.5 -1.5 -0.5 2.5 0.5 -0.5 2.5 ];
sentences = {'47048' '52277' '92629' '95569' '18348' '65555' '70762' '89135' '23081' '61793' '24621' '34994' '86800' '18314' '09216' '47173' '76802' '00456' '33980' '51437' };
offsets = [4185965 6874093 2102501 4143848 144018 345985 8614198 1425414 5579692 2469338 6232978 9090572 3615280 7436475 9453603 2521115 4861568 4416663 8713984 5584086 ];

