# config: "EMA:1.1.0-APPP,ID:listener05-l,SETUP:KK1,SOUNDDEVICE:USB,SOUNDSTREAM:0,SOUNDCHANNELS:1,2"
target=0.50;discardreversals=2;startvalue=0.00;steps=[4  2  1];
threshold = [-7.25 ];
values = [0.00 -6.00 -4.00 -7.00 -8.50 -7.00 -9.50 -10.00 -8.50 -6.00 -8.50 -8.00 -6.50 -5.00 -7.50 -6.00 -4.50 -3.00 -4.50 -5.00 ];
reversals = [0 1 -1 0 1 -1 0 1 0 -1 1 0 0 -1 1 0 0 -1 0 0 ];
measures = [0 0 0 0 1 1 1 1 1 1 1 1 1 1 1 1 1 1 1 1 ];
presentations = [1 2 3 4 5 6 7 8 9 10 11 12 13 14 15 16 17 18 19 20 ];
answers = [4 2 4 4 1 5 3 1 0 5 2 1 1 5 1 1 1 4 3 4 ];
adjustments = [-6 2 -3 -1.5 1.5 -2.5 -0.5 1.5 2.5 -2.5 0.5 1.5 1.5 -2.5 1.5 1.5 1.5 -1.5 -0.5 -1.5 ];
sentences = {'87713' '47048' '52988' '29394' '33980' '35209' '70565' '03676' '91451' '14040' '89135' '66127' '48832' '52277' '61793' '76802' '00456' '24621' '18314' '95569' };
offsets = [7051031 6003838 4684276 3067447 3210865 4147210 6643717 2395795 1991545 3136916 1012915 2186994 860135 4697722 2693253 6406367 2298973 6867888 2273173 3473565 ];

