# config: "EMA:1.1.0-APPP,ID:listener05-l,SETUP:KK1,SOUNDDEVICE:USB,SOUNDSTREAM:0,SOUNDCHANNELS:1,2"
target=0.50;discardreversals=2;startvalue=0.00;steps=[4  2  1];
threshold = [-1.50 ];
values = [0.00 -2.00 0.00 -5.00 -6.50 -4.00 -1.50 -2.00 -2.50 0.00 -2.50 0.00 0.50 1.00 0.50 -1.00 -0.50 -3.00 -1.50 -1.00 ];
reversals = [0 1 -1 0 1 0 -1 0 1 -1 1 0 0 -1 0 1 -1 1 0 0 ];
measures = [0 0 0 0 1 1 1 1 1 1 1 1 1 1 1 1 1 1 1 1 ];
presentations = [1 2 3 4 5 6 7 8 9 10 11 12 13 14 15 16 17 18 19 20 ];
answers = [3 2 5 4 0 0 3 3 0 5 0 2 2 3 4 2 5 1 2 2 ];
adjustments = [-2 2 -5 -1.5 2.5 2.5 -0.5 -0.5 2.5 -2.5 2.5 0.5 0.5 -0.5 -1.5 0.5 -2.5 1.5 0.5 0.5 ];
sentences = {'95569' '09216' '34994' '47173' '18314' '61793' '92629' '89135' '76802' '47048' '86800' '33980' '70762' '23081' '65555' '24621' '52277' '00456' '51437' '18348' };
offsets = [435304 5121274 8490543 5088348 3815900 3099434 7561506 3687607 2871526 7868992 8451412 1751839 850470 830145 8034666 1809240 5785784 979872 6487364 5166990 ];

