# config: "EMA:1.1.0-APPP,ID:listener05-l,SETUP:KK1,SOUNDDEVICE:USB,SOUNDSTREAM:0,SOUNDCHANNELS:1,2"
target=0.50;discardreversals=2;startvalue=0.00;steps=[4  2  1];
threshold = [-29.25 ];
values = [0.00 -10.00 -20.00 -30.00 -20.00 -25.00 -26.50 -29.00 -31.50 -29.00 -29.50 -27.00 -29.50 -31.00 -28.50 -30.00 -28.50 -30.00 -27.50 -27.00 ];
reversals = [0 0 0 1 -1 0 0 0 1 -1 1 -1 0 1 -1 1 -1 1 0 -1 ];
measures = [0 0 0 0 0 0 0 0 1 1 1 1 1 1 1 1 1 1 1 1 ];
presentations = [1 2 3 4 5 6 7 8 9 10 11 12 13 14 15 16 17 18 19 20 ];
answers = [5 5 5 0 5 4 5 5 0 3 0 5 4 0 4 1 4 0 2 4 ];
adjustments = [-10 -10 -10 10 -5 -1.5 -2.5 -2.5 2.5 -0.5 2.5 -2.5 -1.5 2.5 -1.5 1.5 -1.5 2.5 0.5 -1.5 ];
sentences = {'29394' '91451' '03676' '18314' '66127' '89135' '61793' '95569' '87713' '52988' '33980' '70565' '52277' '35209' '76802' '14040' '24621' '47048' '00456' '48832' };
offsets = [5105291 4084832 3504269 909949 5013498 5434718 2299850 3408764 4037040 1362695 6919040 686204 4701575 6309944 1570417 4911446 4392956 4767136 4183559 350838 ];

