# config: "EMA:1.1.0-APPP,ID:listener05-l,SETUP:KK1,SOUNDDEVICE:USB,SOUNDSTREAM:0,SOUNDCHANNELS:1,2"
target=0.50;discardreversals=2;startvalue=0.00;steps=[4  2  1];
threshold = [-26.50 ];
values = [0.00 -10.00 -20.00 -30.00 -20.00 -25.00 -27.50 -26.00 -25.50 -25.00 -26.50 -25.00 -22.50 -25.00 -25.50 -27.00 -25.50 -23.00 -25.50 -27.00 ];
reversals = [0 0 0 1 -1 0 1 0 0 -1 1 0 -1 0 0 1 0 -1 0 1 ];
measures = [0 0 0 0 0 0 1 1 1 1 1 1 1 1 1 1 1 1 1 1 ];
presentations = [1 2 3 4 5 6 7 8 9 10 11 12 13 14 15 16 17 18 19 20 ];
answers = [5 5 5 0 5 5 1 2 2 4 1 0 5 3 4 1 0 5 4 1 ];
adjustments = [-10 -10 -10 10 -5 -2.5 1.5 0.5 0.5 -1.5 1.5 2.5 -2.5 -0.5 -1.5 1.5 2.5 -2.5 -1.5 1.5 ];
sentences = {'98162' '34226' '12339' '46393' '69444' '95162' '63558' '29744' '78835' '21080' '77705' '44697' '50976' '85813' '33528' '10681' '06251' '82009' '07970' '51417' };
offsets = [876886 2387661 5970540 6492355 2538783 522766 2391889 465938 1744717 3361663 6177871 4624426 7296917 6756007 2730502 557247 4676644 3809628 328252 4080378 ];

