# config: "EMA:1.1.0-APPP,ID:listener05-l,SETUP:KK1,SOUNDDEVICE:USB,SOUNDSTREAM:0,SOUNDCHANNELS:1,2"
target=0.50;discardreversals=2;startvalue=0.00;steps=[4  2  1];
threshold = [-3.00 ];
values = [0.00 -6.00 -4.00 -5.00 -2.50 -2.00 -2.50 -1.00 -3.50 -3.00 -2.50 -3.00 -1.50 -1.00 -3.50 -6.00 -3.50 -5.00 -4.50 -4.00 ];
reversals = [0 1 -1 1 0 -1 1 -1 1 0 -1 1 0 -1 0 1 -1 1 0 0 ];
measures = [0 0 0 1 1 1 1 1 1 1 1 1 1 1 1 1 1 1 1 1 ];
presentations = [1 2 3 4 5 6 7 8 9 10 11 12 13 14 15 16 17 18 19 20 ];
answers = [4 2 3 0 2 3 1 5 2 2 3 1 2 5 5 0 4 2 2 2 ];
adjustments = [-6 2 -1 2.5 0.5 -0.5 1.5 -2.5 0.5 0.5 -0.5 1.5 0.5 -2.5 -2.5 2.5 -1.5 0.5 0.5 0.5 ];
sentences = {'24318' '39994' '43285' '31601' '48835' '72141' '67850' '94067' '90790' '26626' '03262' '51779' '80338' '59026' '82487' '66553' '77974' '05413' '18502' '15149' };
offsets = [4017892 4012496 6616041 1172328 283619 1422775 3694362 4623280 1740522 722475 7796841 2960352 3072002 2391068 4236276 5245469 907068 123498 3913495 2370850 ];

