# config: "EMA:1.1.0-APPP,ID:listener05-l,SETUP:KK1,SOUNDDEVICE:USB,SOUNDSTREAM:0,SOUNDCHANNELS:1,2"
target=0.75;minreversals=14;discardreversals=4;minmeasures=25;startvalue=20.00;steps=[4  4  2  1];
threshold = [5.00 ];
values = [20.00 16.00 12.00 8.00 4.00 0.00 -4.00 -4.00 -4.00 -4.00 -4.00 8.00 4.00 2.00 0.00 -2.00 -2.00 -4.00 -4.00 -6.00 0.00 0.00 -1.00 -2.00 2.00 2.00 2.00 2.00 1.00 0.00 0.00 4.00 3.00 7.00 6.00 5.00 5.00 5.00 4.00 4.00 4.00 8.00 7.00 11.00 10.00 10.00 10.00 9.00 9.00 8.00 7.00 7.00 7.00 7.00 7.00 6.00 6.00 5.00 4.00 4.00 8.00 8.00 7.00 6.00 6.00 10.00 9.00 8.00 7.00 7.00 7.00 6.00 5.00 4.00 4.00 4.00 4.00 4.00 4.00 3.00 3.00 2.00 ];
reversals = [0 0 0 0 0 0 0 0 0 0 1 -1 0 0 0 0 0 0 0 1 0 -1 0 1 0 0 0 -1 0 0 1 -1 1 -1 0 0 0 0 0 0 1 -1 1 -1 0 0 0 0 0 0 0 0 0 0 0 0 0 0 0 1 0 -1 0 0 1 -1 0 0 0 0 0 0 0 0 0 0 0 0 0 0 0 0 ];
measures = [0 0 0 0 0 0 0 0 0 0 0 0 0 0 0 0 0 0 0 0 0 0 0 1 1 1 1 1 1 1 1 1 1 1 1 1 1 1 1 1 1 1 1 1 1 1 1 1 1 1 1 1 1 1 1 1 1 1 1 1 1 1 1 1 1 1 1 1 1 1 1 1 1 1 1 1 1 1 1 1 1 1 ];
presentations = [1 1 1 1 1 1 0 0 0 0 1 1 1 1 1 0 1 0 1 1 0 1 1 0 0 0 0 1 1 0 0 1 0 1 1 0 0 1 0 0 0 1 0 1 0 0 1 0 1 1 0 0 0 0 1 0 1 1 0 0 0 1 1 0 0 1 1 1 0 0 1 1 1 0 0 0 0 0 1 0 1 1 ];
answers = [1 1 1 1 1 1 0 0 0 0 0 1 1 1 1 0 1 0 1 0 0 1 1 1 0 0 0 1 1 0 1 1 1 1 1 0 0 1 0 0 1 1 1 1 0 0 1 0 1 1 0 0 0 0 1 0 1 1 0 1 0 1 1 0 1 1 1 1 0 0 1 1 1 0 0 0 0 0 1 0 1 1 ];
adjustments = [-4 -4 -4 -4 -4 -4 0 0 0 0 12 -4 -2 -2 -2 0 -2 0 -2 6 0 -1 -1 4 0 0 0 -1 -1 0 4 -1 4 -1 -1 0 0 -1 0 0 4 -1 4 -1 0 0 -1 0 -1 -1 0 0 0 0 -1 0 -1 -1 0 4 0 -1 -1 0 4 -1 -1 -1 0 0 -1 -1 -1 0 0 0 0 0 -1 0 -1 -1 ];
offsets = [4519489 3465701 4443979 2595860 1337651 5200156 2366131 2197287 1146293 645436 3186301 125221 4156274 269541 573226 2386386 599964 3825516 2719916 164306 1849313 4776842 1391499 2477958 1635168 3473135 5183724 1547929 378288 1503777 2527999 626002 4515124 5079200 837231 1570892 807148 1804435 333596 1214284 1718954 1513755 4635196 3128607 1483687 3358876 5219436 1574131 671269 1363356 1031274 3971502 4382729 1386012 1978678 4163512 739143 5251739 1519869 1917733 2837556 5181173 4006957 1413986 4616212 869331 3867629 4510200 2836052 2963207 2752038 4725638 4178221 4272850 3025380 1509759 2557614 1734106 543189 3996126 5183863 2693360 ];

