# config: "EMA:1.1.0-APPP,ID:listener05-l,SETUP:KK1,SOUNDDEVICE:USB,SOUNDSTREAM:0,SOUNDCHANNELS:1,2"
target=0.75;minreversals=14;discardreversals=4;minmeasures=25;startvalue=20.00;steps=[4  4  2  1];
threshold = [17.00 ];
values = [20.00 16.00 12.00 24.00 24.00 20.00 18.00 18.00 18.00 16.00 16.00 16.00 22.00 21.00 21.00 21.00 20.00 19.00 18.00 18.00 18.00 18.00 18.00 17.00 17.00 17.00 17.00 17.00 17.00 17.00 17.00 17.00 20.00 20.00 19.00 19.00 18.00 18.00 18.00 17.00 17.00 17.00 17.00 16.00 19.00 18.00 18.00 18.00 17.00 16.00 15.00 14.00 17.00 17.00 16.00 19.00 18.00 18.00 17.00 16.00 16.00 16.00 16.00 16.00 19.00 18.00 18.00 18.00 18.00 17.00 16.00 15.00 15.00 14.00 17.00 17.00 17.00 ];
reversals = [0 0 1 0 -1 0 0 0 0 0 0 1 -1 0 0 0 0 0 0 0 0 0 0 0 0 0 0 0 0 0 0 1 0 -1 0 0 0 0 0 0 0 0 0 1 -1 0 0 0 0 0 0 1 0 -1 1 -1 0 0 0 0 0 0 0 1 -1 0 0 0 0 0 0 0 0 1 0 0 -1 ];
measures = [0 0 0 0 0 0 0 0 0 0 0 0 0 0 0 0 0 0 0 0 0 0 0 0 0 0 0 0 0 0 0 1 1 1 1 1 1 1 1 1 1 1 1 1 1 1 1 1 1 1 1 1 1 1 1 1 1 1 1 1 1 1 1 1 1 1 1 1 1 1 1 1 1 1 1 1 1 ];
presentations = [1 1 1 0 1 1 0 0 1 0 0 1 1 0 0 1 1 1 0 0 0 0 1 0 0 0 0 0 0 0 0 1 0 1 0 1 0 0 1 0 0 0 1 1 1 0 0 1 1 1 1 1 0 1 1 1 0 1 1 0 0 0 0 1 1 0 0 0 1 1 1 0 1 1 0 0 1 ];
answers = [1 1 0 0 1 1 0 0 1 0 0 0 1 0 0 1 1 1 0 0 0 0 1 0 0 0 0 0 0 0 0 0 0 1 0 1 0 0 1 0 0 0 1 0 1 0 0 1 1 1 1 0 0 1 0 1 0 1 1 0 0 0 0 0 1 0 0 0 1 1 1 0 1 0 0 0 1 ];
adjustments = [-4 -4 12 0 -4 -2 0 0 -2 0 0 6 -1 0 0 -1 -1 -1 0 0 0 0 -1 0 0 0 0 0 0 0 0 3 0 -1 0 -1 0 0 -1 0 0 0 -1 3 -1 0 0 -1 -1 -1 -1 3 0 -1 3 -1 0 -1 -1 0 0 0 0 3 -1 0 0 0 -1 -1 -1 0 -1 3 0 0 -1 ];
offsets = [4771421 1968190 1414290 2148948 1084180 4061617 3338790 2508171 483612 5202237 2481801 3574236 3562490 385091 2698291 1775204 3161316 1423455 388164 4996866 3264050 410913 2608225 832700 613298 2198163 4207504 5182467 3363685 2349450 268839 4437376 2525195 3998686 1527440 279935 4292605 1794930 282875 378383 1656637 1015309 5247370 3264606 308332 2322903 5185030 545675 3785959 3452031 629858 2331073 2084064 3488366 338700 599030 4790370 601938 2248369 4822122 5041302 2518746 1492229 317561 2909819 3313782 85722 3375193 4329396 2184072 3831815 3723761 2286150 4855204 1698505 2893089 427726 ];

