# config: "EMA:1.1.0-APPP,ID:listener05-l,SETUP:KK1,SOUNDDEVICE:USB,SOUNDSTREAM:0,SOUNDCHANNELS:1,2"
target=0.75;minreversals=14;discardreversals=4;minmeasures=25;startvalue=20.00;steps=[4  4  2  1];
threshold = [1.50 ];
values = [20.00 16.00 12.00 8.00 4.00 20.00 36.00 36.00 32.00 32.00 30.00 30.00 28.00 28.00 28.00 26.00 26.00 26.00 24.00 24.00 22.00 22.00 20.00 18.00 16.00 14.00 12.00 12.00 12.00 12.00 12.00 10.00 8.00 6.00 6.00 4.00 4.00 4.00 2.00 2.00 0.00 -2.00 -2.00 -2.00 -4.00 -4.00 -4.00 2.00 1.00 0.00 -1.00 -1.00 -1.00 -2.00 -2.00 -2.00 -3.00 -3.00 -4.00 -1.00 3.00 2.00 2.00 6.00 5.00 5.00 4.00 3.00 3.00 2.00 1.00 1.00 0.00 -1.00 -2.00 -2.00 -2.00 -2.00 -2.00 -2.00 -3.00 -3.00 -4.00 -4.00 -1.00 -2.00 -3.00 -4.00 -4.00 -5.00 -2.00 2.00 1.00 5.00 5.00 9.00 8.00 7.00 7.00 7.00 6.00 6.00 5.00 4.00 4.00 4.00 ];
reversals = [0 0 0 0 1 0 0 -1 0 0 0 0 0 0 0 0 0 0 0 0 0 0 0 0 0 0 0 0 0 0 0 0 0 0 0 0 0 0 0 0 0 0 0 0 0 0 1 -1 0 0 0 0 0 0 0 0 0 0 1 0 -1 0 1 -1 0 0 0 0 0 0 0 0 0 0 0 0 0 0 0 0 0 0 0 1 -1 0 0 0 0 1 0 -1 1 0 0 -1 0 0 0 0 0 0 0 0 0 0 ];
measures = [0 0 0 0 0 0 0 0 0 0 0 0 0 0 0 0 0 0 0 0 0 0 0 0 0 0 0 0 0 0 0 0 0 0 0 0 0 0 0 0 0 0 0 0 0 0 0 0 0 0 0 0 0 0 0 0 0 0 1 1 1 1 1 1 1 1 1 1 1 1 1 1 1 1 1 1 1 1 1 1 1 1 1 1 1 1 1 1 1 1 1 1 1 1 1 1 1 1 1 1 1 1 1 1 1 1 ];
presentations = [1 1 1 1 0 0 0 1 0 1 0 1 0 0 1 0 0 1 0 1 0 1 1 1 1 1 0 0 0 0 1 1 1 0 1 0 0 1 0 1 1 0 0 1 0 0 1 1 1 1 0 0 1 0 0 1 0 1 1 0 1 0 0 1 0 1 1 0 1 1 0 1 1 1 0 0 0 0 0 1 0 1 0 1 1 1 1 0 1 1 0 1 0 0 0 1 1 0 0 1 0 1 1 0 0 1 ];
answers = [1 1 1 1 1 1 0 1 0 1 0 1 0 0 1 0 0 1 0 1 0 1 1 1 1 1 0 0 0 0 1 1 1 0 1 0 0 1 0 1 1 0 0 1 0 0 0 1 1 1 0 0 1 0 0 1 0 1 0 1 1 0 1 1 0 1 1 0 1 1 0 1 1 1 0 0 0 0 0 1 0 1 0 0 1 1 1 0 1 0 1 1 1 0 1 1 1 0 0 1 0 1 1 0 0 1 ];
adjustments = [-4 -4 -4 -4 16 16 0 -4 0 -2 0 -2 0 0 -2 0 0 -2 0 -2 0 -2 -2 -2 -2 -2 0 0 0 0 -2 -2 -2 0 -2 0 0 -2 0 -2 -2 0 0 -2 0 0 6 -1 -1 -1 0 0 -1 0 0 -1 0 -1 3 4 -1 0 4 -1 0 -1 -1 0 -1 -1 0 -1 -1 -1 0 0 0 0 0 -1 0 -1 0 3 -1 -1 -1 0 -1 3 4 -1 4 0 4 -1 -1 0 0 -1 0 -1 -1 0 0 -1 ];
offsets = [4474049 2966506 4143528 4094359 2578108 1892340 2564227 1965392 1757946 1902594 4287046 4180758 4724788 2442298 5081622 162541 3522390 849311 616599 4395172 2504320 240795 2612929 3207250 4419522 4809621 1884566 3163344 4489450 3253675 2162036 4161693 3773882 3392501 4577455 4952998 4931139 4489851 1673947 5103427 2818386 3082495 1655689 4997493 5023773 1063510 3309901 420399 146768 3043681 3462754 1827298 3920976 3049657 1461977 3259944 4820345 1372434 1270046 4799099 1164629 1543669 728192 2846923 869570 4008089 226285 4116509 3844271 3777373 1565452 1849036 2188423 1836862 3404688 4450400 3829252 5016697 1889957 3518645 1392941 3381 4464258 3944645 1659908 2280248 4414872 1110091 5194390 711138 4177967 4918222 4360074 2164326 1308193 648799 2522700 2650648 4077149 1867362 4701789 238413 4253560 768431 2038100 3045652 ];

