# config: "EMA:1.1.0-APPP,ID:listener05-l,SETUP:KK1,SOUNDDEVICE:USB,SOUNDSTREAM:0,SOUNDCHANNELS:1,2"
target=0.75;minreversals=14;discardreversals=4;minmeasures=25;startvalue=20.00;steps=[4  4  2  1];
threshold = [9.00 ];
values = [20.00 16.00 12.00 8.00 24.00 24.00 24.00 20.00 18.00 16.00 16.00 16.00 16.00 16.00 14.00 14.00 14.00 12.00 10.00 10.00 8.00 14.00 14.00 14.00 14.00 13.00 13.00 13.00 12.00 11.00 11.00 10.00 9.00 9.00 9.00 8.00 8.00 8.00 8.00 11.00 11.00 11.00 10.00 9.00 9.00 12.00 11.00 10.00 10.00 9.00 9.00 12.00 11.00 11.00 11.00 11.00 10.00 10.00 9.00 9.00 8.00 7.00 7.00 7.00 10.00 10.00 10.00 10.00 10.00 10.00 9.00 8.00 7.00 7.00 7.00 7.00 10.00 9.00 9.00 8.00 11.00 11.00 10.00 9.00 8.00 ];
reversals = [0 0 0 1 0 0 -1 0 0 0 0 0 0 0 0 0 0 0 0 0 1 0 0 0 -1 0 0 0 0 0 0 0 0 0 0 0 0 0 1 0 0 -1 0 0 1 -1 0 0 0 0 1 -1 0 0 0 0 0 0 0 0 0 0 0 1 0 0 0 0 0 -1 0 0 0 0 0 1 -1 0 0 1 0 -1 0 0 1 ];
measures = [0 0 0 0 0 0 0 0 0 0 0 0 0 0 0 0 0 0 0 0 0 0 0 0 0 0 0 0 0 0 0 0 0 0 0 0 0 0 1 1 1 1 1 1 1 1 1 1 1 1 1 1 1 1 1 1 1 1 1 1 1 1 1 1 1 1 1 1 1 1 1 1 1 1 1 1 1 1 1 1 1 1 1 1 1 ];
presentations = [1 1 1 0 0 0 1 1 1 0 0 0 0 1 0 0 1 1 0 1 1 0 0 0 1 0 0 1 1 0 1 1 0 0 1 0 0 0 1 0 0 1 1 0 1 1 1 0 1 0 1 1 0 0 0 1 0 1 0 1 1 0 0 1 0 0 0 0 0 1 1 1 0 0 0 1 1 0 1 1 0 1 1 1 1 ];
answers = [1 1 1 1 0 0 1 1 1 0 0 0 0 1 0 0 1 1 0 1 0 0 0 0 1 0 0 1 1 0 1 1 0 0 1 0 0 0 0 0 0 1 1 0 0 1 1 0 1 0 0 1 0 0 0 1 0 1 0 1 1 0 0 0 0 0 0 0 0 1 1 1 0 0 0 0 1 0 1 0 0 1 1 1 0 ];
adjustments = [-4 -4 -4 16 0 0 -4 -2 -2 0 0 0 0 -2 0 0 -2 -2 0 -2 6 0 0 0 -1 0 0 -1 -1 0 -1 -1 0 0 -1 0 0 0 3 0 0 -1 -1 0 3 -1 -1 0 -1 0 3 -1 0 0 0 -1 0 -1 0 -1 -1 0 0 3 0 0 0 0 0 -1 -1 -1 0 0 0 3 -1 0 -1 3 0 -1 -1 -1 3 ];
offsets = [2111051 2236048 5010957 3010386 4263297 1483681 3533250 5061188 260488 4273260 5119858 1292750 1028771 602885 4496489 2212089 4265873 1557788 4368934 3190385 1382539 3648315 3699912 4927735 4243929 1270762 424385 42507 4263957 4074167 1029532 1776940 1815400 1361902 3033063 5046218 2998830 4677803 3264955 2722419 810525 4125967 3406027 4976058 3048926 5075755 4092621 2979618 2872313 3142087 2505796 1930660 1622981 259829 1371780 2819902 3790722 2874430 2098024 5164321 2325485 1943598 1024759 3791010 767137 1849204 1956292 2070819 4129562 3758226 1900600 1721219 408161 3693928 263264 2028186 4678516 1275259 694904 4302359 4360056 335240 3220366 5190336 991041 ];

