# config: "EMA:1.1.0-APPP,ID:listener05-l,SETUP:KK1,SOUNDDEVICE:USB,SOUNDSTREAM:0,SOUNDCHANNELS:1,2"
target=0.75;minreversals=14;discardreversals=4;minmeasures=25;startvalue=20.00;steps=[4  4  2  1];
threshold = [17.50 ];
values = [20.00 16.00 12.00 8.00 8.00 4.00 0.00 -4.00 12.00 8.00 16.00 15.00 14.00 14.00 14.00 14.00 13.00 13.00 13.00 13.00 13.00 13.00 17.00 16.00 16.00 15.00 15.00 19.00 19.00 18.00 18.00 17.00 17.00 17.00 16.00 16.00 16.00 16.00 15.00 14.00 18.00 17.00 16.00 15.00 15.00 15.00 15.00 15.00 19.00 19.00 18.00 17.00 16.00 16.00 16.00 15.00 14.00 18.00 18.00 18.00 17.00 21.00 20.00 20.00 20.00 19.00 23.00 22.00 21.00 20.00 19.00 19.00 18.00 18.00 18.00 18.00 17.00 ];
reversals = [0 0 0 0 0 0 0 1 -1 1 -1 0 0 0 0 0 0 0 0 0 0 1 -1 0 0 0 1 0 -1 0 0 0 0 0 0 0 0 0 0 1 -1 0 0 0 0 0 0 1 0 -1 0 0 0 0 0 0 1 0 0 -1 1 -1 0 0 0 1 -1 0 0 0 0 0 0 0 0 0 0 ];
measures = [0 0 0 0 0 0 0 0 0 0 0 0 0 0 0 0 0 0 0 0 0 1 1 1 1 1 1 1 1 1 1 1 1 1 1 1 1 1 1 1 1 1 1 1 1 1 1 1 1 1 1 1 1 1 1 1 1 1 1 1 1 1 1 1 1 1 1 1 1 1 1 1 1 1 1 1 1 ];
presentations = [1 1 1 0 1 1 1 0 1 0 1 1 0 0 0 1 0 0 0 0 0 0 1 0 1 0 0 0 1 0 1 0 0 1 0 0 0 1 1 0 1 1 1 0 0 0 0 0 0 1 1 1 0 0 1 1 0 0 0 1 0 1 0 0 1 0 1 1 1 1 0 1 0 0 0 1 1 ];
answers = [1 1 1 0 1 1 1 1 1 1 1 1 0 0 0 1 0 0 0 0 0 1 1 0 1 0 1 0 1 0 1 0 0 1 0 0 0 1 1 1 1 1 1 0 0 0 0 1 0 1 1 1 0 0 1 1 1 0 0 1 1 1 0 0 1 1 1 1 1 1 0 1 0 0 0 1 1 ];
adjustments = [-4 -4 -4 0 -4 -4 -4 16 -4 8 -1 -1 0 0 0 -1 0 0 0 0 0 4 -1 0 -1 0 4 0 -1 0 -1 0 0 -1 0 0 0 -1 -1 4 -1 -1 -1 0 0 0 0 4 0 -1 -1 -1 0 0 -1 -1 4 0 0 -1 4 -1 0 0 -1 4 -1 -1 -1 -1 0 -1 0 0 0 -1 -1 ];
offsets = [2816963 4373671 2582041 3048930 4518066 139443 3234114 632750 4894380 5098753 3956521 4418779 1833678 5087830 3629862 1826880 2084907 366670 2547327 852257 445065 5139201 4398831 3422067 721425 1222828 5233565 3576224 4347338 3071481 1649960 3116298 4960510 1921176 2791161 1279695 502425 1045674 4135756 4070057 2163175 5230911 3393085 4185589 936736 2071577 2227916 3554401 151391 3812043 2150657 3370001 790224 193686 3646413 3617133 1887629 5098247 1725200 5155160 927861 3192405 1127093 1250693 184010 4043498 2072066 1976532 4605485 3695849 3805854 195195 3703617 316850 229278 1885884 2123160 ];

