# config: "EMA:1.1.0-APPP,ID:listener01-l,SETUP:KK1,SOUNDDEVICE:USB,SOUNDSTREAM:0,SOUNDCHANNELS:1,2"
target=0.50;discardreversals=2;startvalue=0.00;steps=[4  2  1];
threshold = [-4.50 ];
values = [0.00 -10.00 0.00 -5.00 -3.50 -4.00 -4.50 -2.00 -4.50 -5.00 -5.50 -3.00 -5.50 -5.00 -6.50 -4.00 -1.50 -4.00 -4.50 -2.00 ];
reversals = [0 1 -1 1 -1 0 1 -1 0 0 1 -1 1 -1 1 0 -1 0 1 -1 ];
measures = [0 0 0 1 1 1 1 1 1 1 1 1 1 1 1 1 1 1 1 1 ];
presentations = [1 2 3 4 5 6 7 8 9 10 11 12 13 14 15 16 17 18 19 20 ];
answers = [5 0 5 1 3 3 0 5 3 3 0 5 2 4 0 0 5 3 0 4 ];
adjustments = [-10 10 -5 1.5 -0.5 -0.5 2.5 -2.5 -0.5 -0.5 2.5 -2.5 0.5 -1.5 2.5 2.5 -2.5 -0.5 2.5 -1.5 ];
sentences = {'44529' '87470' '22336' '11755' '70287' '51195' '15952' '68271' '93692' '02737' '37886' '08168' '69009' '54841' '36514' '90013' '23448' '45923' '89364' '76600' };
offsets = [752592 7533587 9116769 8845432 4001620 7670118 3250535 5526360 4297952 5610872 50658 1005334 6513222 4234944 8602944 1376897 4837954 6984876 8459008 3267381 ];

