# config: "EMA:1.1.0-APPP,ID:listener01-l,SETUP:KK1,SOUNDDEVICE:USB,SOUNDSTREAM:0,SOUNDCHANNELS:1,2"
target=0.50;discardreversals=2;startvalue=0.00;steps=[4  2  1];
threshold = [-3.00 ];
values = [0.00 -6.00 -4.00 1.00 -4.00 -3.50 -3.00 -3.50 -3.00 -5.50 -5.00 -2.50 -5.00 -5.50 -3.00 -2.50 -5.00 -2.50 -3.00 -1.50 ];
reversals = [0 1 0 -1 1 0 -1 1 -1 1 0 -1 0 1 0 -1 1 -1 1 0 ];
measures = [0 0 0 0 1 1 1 1 1 1 1 1 1 1 1 1 1 1 1 1 ];
presentations = [1 2 3 4 5 6 7 8 9 10 11 12 13 14 15 16 17 18 19 20 ];
answers = [4 2 0 5 2 2 3 2 5 2 0 5 3 0 2 5 0 3 1 0 ];
adjustments = [-6 2 5 -5 0.5 0.5 -0.5 0.5 -2.5 0.5 2.5 -2.5 -0.5 2.5 0.5 -2.5 2.5 -0.5 1.5 2.5 ];
sentences = {'12339' '77705' '11755' '70287' '98162' '69009' '87470' '36514' '06251' '54841' '50976' '93692' '33528' '08168' '69444' '44697' '22336' '85813' '45923' '21080' };
offsets = [3575452 8346123 2066405 5237255 8512636 211284 8803444 6067216 6318337 2302055 8266699 2058459 5768804 958747 1039243 2189323 180384 7507680 2885598 4311592 ];

