# config: "EMA:1.1.0-APPP,ID:listener01-l,SETUP:KK1,SOUNDDEVICE:USB,SOUNDSTREAM:0,SOUNDCHANNELS:1,2"
target=0.50;discardreversals=2;startvalue=0.00;steps=[4  2  1];
threshold = [-3.25 ];
values = [0.00 -6.00 -12.00 -2.00 -5.00 -6.50 -4.00 -2.50 -4.00 -5.50 -6.00 -7.50 -6.00 -4.50 -3.00 -3.50 -2.00 -3.50 -3.00 -2.50 ];
reversals = [0 0 1 -1 0 1 0 -1 0 0 0 1 0 0 -1 1 -1 1 0 -1 ];
measures = [0 0 0 0 0 1 1 1 1 1 1 1 1 1 1 1 1 1 1 1 ];
presentations = [1 2 3 4 5 6 7 8 9 10 11 12 13 14 15 16 17 18 19 20 ];
answers = [4 4 0 4 4 0 1 4 4 3 4 1 1 1 3 1 4 2 2 3 ];
adjustments = [-6 -6 10 -3 -1.5 2.5 1.5 -1.5 -1.5 -0.5 -1.5 1.5 1.5 1.5 -0.5 1.5 -1.5 0.5 0.5 -0.5 ];
sentences = {'45923' '08168' '54841' '24621' '52277' '93692' '22336' '70287' '69009' '00456' '47048' '11755' '36514' '18314' '95569' '61793' '33980' '89135' '76802' '87470' };
offsets = [1804087 4502971 1842157 5068722 2793820 2711067 5723904 7812818 3268813 8386821 1208643 6597575 1415486 2129639 1954750 3273016 3264198 8299423 4457125 2738285 ];

