# config: "EMA:1.1.0-APPP,ID:listener01-l,SETUP:KK1,SOUNDDEVICE:USB,SOUNDSTREAM:0,SOUNDCHANNELS:1,2"
target=0.50;discardreversals=2;startvalue=0.00;steps=[4  2  1];
threshold = [-5.25 ];
values = [0.00 -6.00 -12.00 -2.00 -5.00 -6.50 -4.00 -5.50 -5.00 -5.50 -5.00 -7.50 -5.00 -4.50 -3.00 -4.50 -6.00 -3.50 -6.00 -3.50 ];
reversals = [0 0 1 -1 0 1 -1 1 -1 1 -1 1 0 0 -1 0 1 -1 1 -1 ];
measures = [0 0 0 0 0 1 1 1 1 1 1 1 1 1 1 1 1 1 1 1 ];
presentations = [1 2 3 4 5 6 7 8 9 10 11 12 13 14 15 16 17 18 19 20 ];
answers = [4 4 0 4 4 0 4 2 3 2 5 0 2 1 4 4 0 5 0 5 ];
adjustments = [-6 -6 10 -3 -1.5 2.5 -1.5 0.5 -0.5 0.5 -2.5 2.5 0.5 1.5 -1.5 -1.5 2.5 -2.5 2.5 -2.5 ];
sentences = {'18314' '95569' '24621' '90790' '61793' '82487' '03262' '66553' '48835' '15149' '24318' '33980' '76802' '77974' '31601' '52277' '59026' '00456' '89135' '47048' };
offsets = [1148053 3482627 2979811 3102437 3686248 3985591 9246174 2825532 2680592 4111512 4673407 7410689 7711355 5463193 959022 4816982 4135306 5625589 9457288 5375642 ];

