# config: "EMA:1.1.0-APPP,ID:listener01-l,SETUP:KK1,SOUNDDEVICE:USB,SOUNDSTREAM:0,SOUNDCHANNELS:1,2"
target=0.50;discardreversals=2;startvalue=0.00;steps=[4  2  1];
threshold = [-6.75 ];
values = [0.00 -10.00 0.00 -5.00 -7.50 -8.00 -8.50 -7.00 -8.50 -11.00 -8.50 -7.00 -6.50 -9.00 -9.50 -7.00 -5.50 -6.00 -5.50 -7.00 ];
reversals = [0 1 -1 0 0 0 1 -1 0 1 0 0 -1 0 1 0 -1 1 -1 0 ];
measures = [0 0 0 0 0 0 1 1 1 1 1 1 1 1 1 1 1 1 1 1 ];
presentations = [1 2 3 4 5 6 7 8 9 10 11 12 13 14 15 16 17 18 19 20 ];
answers = [5 0 5 5 3 3 1 4 5 0 1 2 5 3 0 1 3 2 4 4 ];
adjustments = [-10 10 -5 -2.5 -0.5 -0.5 1.5 -1.5 -2.5 2.5 1.5 0.5 -2.5 -0.5 2.5 1.5 -0.5 0.5 -1.5 -1.5 ];
sentences = {'44529' '76600' '02737' '23448' '70762' '65555' '15952' '37886' '18348' '09216' '86800' '51195' '68271' '51437' '90013' '23081' '47173' '34994' '92629' '89364' };
offsets = [8156000 6185807 5480394 261949 61183 4796977 637387 6159982 4588838 3129108 6328722 2629096 4463054 7434490 8090216 2566538 1283439 5577500 7129954 5326812 ];

