# config: "EMA:1.1.0-APPP,ID:listener01-l,SETUP:KK1,SOUNDDEVICE:USB,SOUNDSTREAM:0,SOUNDCHANNELS:1,2"
target=0.50;discardreversals=2;startvalue=0.00;steps=[4  2  1];
threshold = [-12.00 ];
values = [0.00 -10.00 -16.00 -10.00 -13.00 -11.50 -13.00 -12.50 -11.00 -12.50 -12.00 -12.50 -11.00 -11.50 -11.00 -12.50 -11.00 -11.50 -13.00 -13.50 ];
reversals = [0 0 1 -1 1 -1 1 0 -1 1 -1 1 -1 1 -1 1 -1 0 0 1 ];
measures = [0 0 0 0 1 1 1 1 1 1 1 1 1 1 1 1 1 1 1 1 ];
presentations = [1 2 3 4 5 6 7 8 9 10 11 12 13 14 15 16 17 18 19 20 ];
answers = [5 4 1 4 1 4 2 1 4 2 3 1 3 2 4 1 3 4 3 1 ];
adjustments = [-10 -6 6 -3 1.5 -1.5 0.5 1.5 -1.5 0.5 -0.5 1.5 -0.5 0.5 -1.5 1.5 -0.5 -1.5 -0.5 1.5 ];
sentences = {'45923' '82009' '51417' '95162' '69009' '08168' '36514' '34226' '22336' '46393' '93692' '11755' '87470' '70287' '10681' '29744' '78835' '07970' '54841' '63558' };
offsets = [6580514 6928968 1692492 4086566 1307843 8947886 6341479 9504434 1205276 2281946 5745796 8223045 8484641 5462407 2906591 1295582 1390418 2711437 9789286 2795209 ];

