# config: "EMA:1.1.0-APPP,ID:listener01-l,SETUP:KK1,SOUNDDEVICE:USB,SOUNDSTREAM:0,SOUNDCHANNELS:1,2"
target=0.50;discardreversals=2;startvalue=0.00;steps=[4  2  1];
threshold = [-28.50 ];
values = [0.00 -10.00 -20.00 -22.00 -28.00 -26.00 -31.00 -28.50 -30.00 -31.50 -31.00 -28.50 -30.00 -29.50 -27.00 -28.50 -28.00 -30.50 -30.00 -29.50 ];
reversals = [0 0 0 0 1 -1 1 -1 0 1 0 -1 1 0 -1 1 -1 1 0 0 ];
measures = [0 0 0 0 0 0 1 1 1 1 1 1 1 1 1 1 1 1 1 1 ];
presentations = [1 2 3 4 5 6 7 8 9 10 11 12 13 14 15 16 17 18 19 20 ];
answers = [5 5 3 4 2 5 0 4 4 2 0 4 2 0 4 2 5 2 2 1 ];
adjustments = [-10 -10 -2 -6 2 -5 2.5 -1.5 -1.5 0.5 2.5 -1.5 0.5 2.5 -1.5 0.5 -2.5 0.5 0.5 1.5 ];
sentences = {'00456' '33980' '99308' '41634' '95569' '24621' '30757' '89135' '52277' '22586' '16140' '55025' '76802' '61793' '74972' '68819' '47048' '18314' '03491' '87263' };
offsets = [5826393 6611672 5234572 253684 7119406 441561 2591280 3650412 6077185 5994486 5893868 6397593 2898604 3304004 6503726 2011568 2746274 6112755 12766 6590964 ];

