# config: "EMA:1.1.0-APPP,ID:listener01-l,SETUP:KK1,SOUNDDEVICE:USB,SOUNDSTREAM:0,SOUNDCHANNELS:1,2"
target=0.50;discardreversals=2;startvalue=0.00;steps=[4  2  1];
threshold = [-34.25 ];
values = [0.00 -10.00 -20.00 -26.00 -32.00 -34.00 -28.00 -29.00 -31.50 -32.00 -32.50 -34.00 -34.50 -36.00 -35.50 -33.00 -34.50 -32.00 -34.50 -34.00 ];
reversals = [0 0 0 0 0 1 -1 0 0 0 0 0 0 1 0 -1 1 -1 1 -1 ];
measures = [0 0 0 0 0 0 0 0 0 0 0 0 0 1 1 1 1 1 1 1 ];
presentations = [1 2 3 4 5 6 7 8 9 10 11 12 13 14 15 16 17 18 19 20 ];
answers = [5 5 4 4 3 1 3 5 3 3 4 3 4 2 0 4 0 5 2 4 ];
adjustments = [-10 -10 -6 -6 -2 6 -1 -2.5 -0.5 -0.5 -1.5 -0.5 -1.5 0.5 2.5 -1.5 2.5 -2.5 0.5 -1.5 ];
sentences = {'69009' '54841' '08168' '11755' '15149' '03262' '87470' '82487' '31601' '93692' '66553' '90790' '48835' '70287' '36514' '77974' '24318' '22336' '59026' '45923' };
offsets = [6915369 2856722 831603 535244 5090738 1355619 2150508 1801440 4660306 465945 4543170 3212446 2218580 1485276 3839007 1516167 2416036 1511662 6549916 4669339 ];

