# config: "EMA:1.1.0-APPP,ID:listener01-l,SETUP:KK1,SOUNDDEVICE:USB,SOUNDSTREAM:0,SOUNDCHANNELS:1,2"
target=0.50;discardreversals=2;startvalue=0.00;steps=[4  2  1];
threshold = [-31.50 ];
values = [0.00 -10.00 -20.00 -26.00 -36.00 -26.00 -29.00 -30.50 -32.00 -31.50 -32.00 -31.50 -34.00 -34.50 -32.00 -30.50 -28.00 -30.50 -28.00 -29.50 ];
reversals = [0 0 0 0 1 -1 0 0 1 -1 1 -1 0 1 0 0 -1 1 -1 0 ];
measures = [0 0 0 0 0 0 0 0 1 1 1 1 1 1 1 1 1 1 1 1 ];
presentations = [1 2 3 4 5 6 7 8 9 10 11 12 13 14 15 16 17 18 19 20 ];
answers = [5 5 4 5 0 4 4 4 2 3 2 5 3 0 1 0 5 0 4 4 ];
adjustments = [-10 -10 -6 -10 10 -3 -1.5 -1.5 0.5 -0.5 0.5 -2.5 -0.5 2.5 1.5 2.5 -2.5 2.5 -1.5 -1.5 ];
sentences = {'29394' '95569' '76802' '70565' '87713' '35209' '14040' '18314' '52988' '61793' '00456' '47048' '52277' '24621' '03676' '66127' '48832' '91451' '89135' '33980' };
offsets = [1614512 5632349 6479871 6528205 5312917 5771592 6484785 1945216 855793 7324155 5629336 3598169 6069553 2971804 5990775 4693445 4872557 4586405 5616490 209370 ];

