# config: "EMA:1.1.0-APPP,ID:listener01-l,SETUP:KK1,SOUNDDEVICE:USB,SOUNDSTREAM:0,SOUNDCHANNELS:1,2"
target=0.50;discardreversals=2;startvalue=0.00;steps=[4  2  1];
threshold = [-4.50 ];
values = [0.00 -2.00 -12.00 -2.00 -7.00 -5.50 -6.00 -6.50 -9.00 -6.50 -4.00 -6.50 -6.00 -4.50 -2.00 -4.50 -3.00 -3.50 -4.00 -4.50 ];
reversals = [0 0 1 -1 1 -1 0 0 1 0 -1 1 0 0 -1 1 -1 0 0 1 ];
measures = [0 0 0 0 1 1 1 1 1 1 1 1 1 1 1 1 1 1 1 1 ];
presentations = [1 2 3 4 5 6 7 8 9 10 11 12 13 14 15 16 17 18 19 20 ];
answers = [3 5 0 5 1 3 3 5 0 0 5 2 1 0 5 1 3 3 3 2 ];
adjustments = [-2 -10 10 -5 1.5 -0.5 -0.5 -2.5 2.5 2.5 -2.5 0.5 1.5 2.5 -2.5 1.5 -0.5 -0.5 -0.5 0.5 ];
sentences = {'67850' '39994' '22336' '08168' '51779' '94067' '36514' '69009' '43285' '70287' '05413' '87470' '11755' '18502' '26626' '80338' '45923' '93692' '54841' '72141' };
offsets = [109305 4993506 3756703 1261912 5293547 20934 959086 1887763 1555767 3653576 4535744 172066 6235046 4818372 5238932 6873800 1818241 3241753 7995442 237516 ];

