# config: "EMA:1.1.0-APPP,ID:listener01-l,SETUP:KK1,SOUNDDEVICE:USB,SOUNDSTREAM:0,SOUNDCHANNELS:1,2"
target=0.50;discardreversals=2;startvalue=0.00;steps=[4  2  1];
threshold = [-2.00 ];
values = [0.00 2.00 12.00 2.00 5.00 3.50 2.00 -0.50 -2.00 -1.50 -3.00 -5.50 -3.00 -3.50 -4.00 -1.50 -2.00 -1.50 1.00 -1.50 ];
reversals = [0 0 -1 1 -1 0 0 0 1 -1 0 1 -1 0 1 -1 1 0 -1 0 ];
measures = [0 0 0 0 1 1 1 1 1 1 1 1 1 1 1 1 1 1 1 1 ];
presentations = [1 2 3 4 5 6 7 8 9 10 11 12 13 14 15 16 17 18 19 20 ];
answers = [2 0 5 1 4 4 5 4 2 4 5 0 3 3 0 3 2 0 5 5 ];
adjustments = [2 10 -10 3 -1.5 -1.5 -2.5 -1.5 0.5 -1.5 -2.5 2.5 -0.5 -0.5 2.5 -0.5 0.5 2.5 -2.5 -2.5 ];
sentences = {'16140' '02737' '23448' '89364' '41634' '30757' '99308' '51195' '87263' '37886' '55025' '74972' '90013' '68271' '15952' '22586' '44529' '76600' '68819' '03491' };
offsets = [8040682 8325040 5013872 1689207 6335380 1994141 8404885 3229914 2396785 8006070 8056622 5720023 6794361 8683250 5634161 3249159 852907 3664343 8318108 969575 ];

