# config: "EMA:1.1.0-APPP,ID:listener01-l,SETUP:KK1,SOUNDDEVICE:USB,SOUNDSTREAM:0,SOUNDCHANNELS:1,2"
target=0.50;discardreversals=2;startvalue=0.00;steps=[4  2  1];
threshold = [-36.00 ];
values = [0.00 -10.00 -20.00 -30.00 -32.00 -34.00 -40.00 -30.00 -35.00 -37.50 -35.00 -33.50 -36.00 -33.50 -33.00 -35.50 -37.00 -35.50 -35.00 -37.50 ];
reversals = [0 0 0 0 0 0 1 -1 0 1 0 -1 1 0 -1 0 1 0 -1 1 ];
measures = [0 0 0 0 0 0 0 0 0 1 1 1 1 1 1 1 1 1 1 1 ];
presentations = [1 2 3 4 5 6 7 8 9 10 11 12 13 14 15 16 17 18 19 20 ];
answers = [5 5 5 3 3 4 0 5 5 0 1 5 0 2 5 4 1 2 5 0 ];
adjustments = [-10 -10 -10 -2 -2 -6 10 -5 -2.5 2.5 1.5 -2.5 2.5 0.5 -2.5 -1.5 1.5 0.5 -2.5 2.5 ];
sentences = {'51195' '37886' '90013' '54841' '93692' '22336' '36514' '89364' '69009' '02737' '11755' '87470' '23448' '45923' '68271' '15952' '76600' '44529' '70287' '08168' };
offsets = [4097036 808695 3278618 7010703 2538399 2955924 5055208 177692 7078143 3080881 538390 3477256 1415951 98749 350898 2856809 4078516 6894770 4204743 2703279 ];

