# config: "EMA:1.1.0-APPP,ID:listener01-l,SETUP:KK1,SOUNDDEVICE:USB,SOUNDSTREAM:0,SOUNDCHANNELS:1,2"
target=0.50;discardreversals=2;startvalue=0.00;steps=[4  2  1];
threshold = [-8.50 ];
values = [0.00 -10.00 -8.00 -9.00 -8.50 -8.00 -8.50 -8.00 -8.50 -8.00 -10.50 -9.00 -10.50 -8.00 -6.50 -7.00 -6.50 -9.00 -8.50 -7.00 ];
reversals = [0 1 -1 1 0 -1 1 -1 1 -1 1 -1 1 0 -1 1 -1 1 0 0 ];
measures = [0 0 0 1 1 1 1 1 1 1 1 1 1 1 1 1 1 1 1 1 ];
presentations = [1 2 3 4 5 6 7 8 9 10 11 12 13 14 15 16 17 18 19 20 ];
answers = [5 2 3 2 2 3 2 3 2 5 1 4 0 1 3 2 5 2 1 0 ];
adjustments = [-10 2 -1 0.5 0.5 -0.5 0.5 -0.5 0.5 -2.5 1.5 -1.5 2.5 1.5 -0.5 0.5 -2.5 0.5 1.5 2.5 ];
sentences = {'72141' '11755' '51779' '39994' '18502' '80338' '70287' '54841' '69009' '26626' '22336' '36514' '93692' '67850' '94067' '05413' '45923' '08168' '43285' '87470' };
offsets = [4396046 8406946 829626 203866 889308 1607676 7854894 2604775 2943615 2063472 4428623 895189 3593563 4013508 7673820 1757953 1466452 7859938 217942 4828294 ];

