# config: "EMA:1.1.0-APPP,ID:listener01-l,SETUP:KK1,SOUNDDEVICE:USB,SOUNDSTREAM:0,SOUNDCHANNELS:1,2"
target=0.50;discardreversals=2;startvalue=0.00;steps=[4  2  1];
threshold = [-7.50 ];
values = [0.00 -10.00 -12.00 -2.00 -7.00 -7.50 -7.00 -4.50 -5.00 -4.50 -7.00 -9.50 -9.00 -7.50 -9.00 -7.50 -7.00 -7.50 -7.00 -9.50 ];
reversals = [0 0 1 -1 0 1 0 -1 1 -1 0 1 0 -1 1 0 -1 1 -1 1 ];
measures = [0 0 0 0 0 1 1 1 1 1 1 1 1 1 1 1 1 1 1 1 ];
presentations = [1 2 3 4 5 6 7 8 9 10 11 12 13 14 15 16 17 18 19 20 ];
answers = [5 3 0 5 3 2 0 3 2 5 5 2 1 4 1 2 3 2 5 0 ];
adjustments = [-10 -2 10 -5 -0.5 0.5 2.5 -0.5 0.5 -2.5 -2.5 0.5 1.5 -1.5 1.5 0.5 -0.5 0.5 -2.5 2.5 ];
sentences = {'33528' '37886' '15952' '85813' '12339' '90013' '06251' '02737' '44529' '76600' '51195' '50976' '21080' '89364' '77705' '23448' '69444' '44697' '68271' '98162' };
offsets = [5677427 1793271 298916 7502433 5935775 7139472 507502 5857229 4718287 5402287 8205132 944672 46533 4777532 4158115 84519 5147594 4581414 3923804 109389 ];

