# config: "EMA:1.1.0-APPP,ID:listener01-l,SETUP:KK1,SOUNDDEVICE:USB,SOUNDSTREAM:0,SOUNDCHANNELS:1,2"
target=0.50;discardreversals=2;startvalue=0.00;steps=[4  2  1];
threshold = [-14.00 ];
values = [0.00 -10.00 -16.00 -6.00 -11.00 -13.50 -14.00 -13.50 -11.00 -9.50 -11.00 -13.50 -13.00 -12.50 -15.00 -14.50 -16.00 -13.50 -12.00 -14.50 ];
reversals = [0 0 1 -1 0 0 1 0 0 -1 0 1 0 -1 1 -1 1 0 -1 1 ];
measures = [0 0 0 0 0 0 1 1 1 1 1 1 1 1 1 1 1 1 1 1 ];
presentations = [1 2 3 4 5 6 7 8 9 10 11 12 13 14 15 16 17 18 19 20 ];
answers = [5 4 0 5 5 3 2 0 1 4 5 2 2 5 2 4 0 1 5 1 ];
adjustments = [-10 -6 10 -5 -2.5 -0.5 0.5 2.5 1.5 -1.5 -2.5 0.5 0.5 -2.5 0.5 -1.5 2.5 1.5 -2.5 1.5 ];
sentences = {'51779' '80338' '72141' '05413' '26626' '69444' '94067' '18502' '12339' '85813' '44697' '06251' '67850' '39994' '21080' '43285' '98162' '50976' '77705' '33528' };
offsets = [6974300 5376572 2101613 6774311 5079981 7800776 662310 7481891 2428871 1088917 5048667 6481360 3092122 2031734 1001410 6842021 2001031 4551857 8455121 6334619 ];

