# config: "EMA:1.1.0-APPP,ID:listener01-l,SETUP:KK1,SOUNDDEVICE:USB,SOUNDSTREAM:0,SOUNDCHANNELS:1,2"
target=0.75;minreversals=14;discardreversals=4;minmeasures=25;startvalue=20.00;steps=[4  4  2  1];
threshold = [5.00 ];
values = [20.00 16.00 12.00 8.00 8.00 4.00 16.00 16.00 16.00 12.00 12.00 10.00 8.00 8.00 6.00 4.00 10.00 9.00 8.00 8.00 8.00 7.00 6.00 6.00 5.00 8.00 7.00 6.00 6.00 5.00 8.00 7.00 6.00 6.00 6.00 6.00 5.00 4.00 4.00 4.00 4.00 3.00 2.00 5.00 4.00 7.00 6.00 6.00 5.00 4.00 4.00 3.00 3.00 3.00 2.00 5.00 5.00 5.00 4.00 3.00 3.00 3.00 3.00 6.00 6.00 5.00 5.00 5.00 5.00 5.00 5.00 5.00 5.00 ];
reversals = [0 0 0 0 0 1 0 0 -1 0 0 0 0 0 0 1 -1 0 0 0 0 0 0 0 1 -1 0 0 0 1 -1 0 0 0 0 0 0 0 0 0 0 0 1 -1 1 -1 0 0 0 0 0 0 0 0 1 0 0 -1 0 0 0 0 1 0 -1 0 0 0 0 0 0 0 0 ];
measures = [0 0 0 0 0 0 0 0 0 0 0 0 0 0 0 0 0 0 0 0 0 0 0 0 1 1 1 1 1 1 1 1 1 1 1 1 1 1 1 1 1 1 1 1 1 1 1 1 1 1 1 1 1 1 1 1 1 1 1 1 1 1 1 1 1 1 1 1 1 1 1 1 1 ];
presentations = [1 1 1 0 1 1 0 0 1 0 1 1 0 1 1 1 1 1 0 0 1 1 0 1 1 1 1 0 1 1 1 1 0 0 0 1 1 0 0 0 1 1 1 1 1 1 0 1 1 0 1 0 0 1 1 0 0 1 1 0 0 0 1 0 1 0 0 0 0 0 0 0 1 ];
answers = [1 1 1 0 1 0 0 0 1 0 1 1 0 1 1 0 1 1 0 0 1 1 0 1 0 1 1 0 1 0 1 1 0 0 0 1 1 0 0 0 1 1 0 1 0 1 0 1 1 0 1 0 0 1 0 0 0 1 1 0 0 0 0 0 1 0 0 0 0 0 0 0 1 ];
adjustments = [-4 -4 -4 0 -4 12 0 0 -4 0 -2 -2 0 -2 -2 6 -1 -1 0 0 -1 -1 0 -1 3 -1 -1 0 -1 3 -1 -1 0 0 0 -1 -1 0 0 0 -1 -1 3 -1 3 -1 0 -1 -1 0 -1 0 0 -1 3 0 0 -1 -1 0 0 0 3 0 -1 0 0 0 0 0 0 0 -1 ];
offsets = [1229505 537666 3861158 4002359 297217 5126931 5041567 3849592 234264 755007 1221031 1390839 2601771 3666616 2913048 2794061 4791225 3178608 213227 3904683 448407 3050483 1112840 5152121 2393081 4973362 1446229 2823531 4622263 766753 948444 1834326 3698073 2642879 1760681 868725 1094861 336358 4899498 3452217 2091224 5249936 2852834 1946944 684347 1980693 4693159 4292127 733585 4358569 4824819 1087576 1494910 3683275 1985296 2808250 2855475 1093635 2011327 264144 3918867 2557086 3977406 1803798 871903 193457 3556656 4416396 3450720 1212000 2495278 1762901 1907416 ];

