# config: "EMA:1.1.0-APPP,ID:listener01-l,SETUP:KK1,SOUNDDEVICE:USB,SOUNDSTREAM:0,SOUNDCHANNELS:1,2"
target=0.75;minreversals=14;discardreversals=4;minmeasures=25;startvalue=20.00;steps=[4  4  2  1];
threshold = [8.00 ];
values = [20.00 16.00 12.00 8.00 20.00 20.00 16.00 14.00 14.00 14.00 12.00 12.00 12.00 12.00 10.00 10.00 10.00 10.00 10.00 10.00 8.00 8.00 8.00 8.00 8.00 8.00 6.00 6.00 6.00 6.00 4.00 10.00 9.00 8.00 7.00 6.00 5.00 5.00 5.00 4.00 4.00 7.00 7.00 6.00 9.00 9.00 8.00 8.00 8.00 12.00 12.00 12.00 12.00 11.00 11.00 11.00 11.00 11.00 15.00 14.00 13.00 13.00 12.00 12.00 12.00 12.00 12.00 11.00 11.00 10.00 9.00 9.00 9.00 8.00 8.00 7.00 6.00 9.00 8.00 8.00 7.00 7.00 6.00 5.00 5.00 8.00 8.00 7.00 7.00 7.00 6.00 9.00 9.00 9.00 9.00 8.00 8.00 8.00 ];
reversals = [0 0 0 1 0 -1 0 0 0 0 0 0 0 0 0 0 0 0 0 0 0 0 0 0 0 0 0 0 0 0 1 -1 0 0 0 0 0 0 0 0 1 0 -1 1 0 -1 0 0 1 0 0 0 -1 0 0 0 0 1 -1 0 0 0 0 0 0 0 0 0 0 0 0 0 0 0 0 0 1 -1 0 0 0 0 0 0 1 0 -1 0 0 0 1 0 0 0 -1 0 0 0 ];
measures = [0 0 0 0 0 0 0 0 0 0 0 0 0 0 0 0 0 0 0 0 0 0 0 0 0 0 0 0 0 0 0 0 0 0 0 0 0 0 0 0 1 1 1 1 1 1 1 1 1 1 1 1 1 1 1 1 1 1 1 1 1 1 1 1 1 1 1 1 1 1 1 1 1 1 1 1 1 1 1 1 1 1 1 1 1 1 1 1 1 1 1 1 1 1 1 1 1 1 ];
presentations = [1 1 1 1 0 1 1 0 0 1 0 0 0 1 0 0 0 0 0 1 0 0 0 0 0 1 0 0 0 1 1 1 1 1 1 1 0 0 1 0 1 0 1 1 0 1 0 0 0 0 0 0 1 0 0 0 0 0 1 1 0 1 0 0 0 0 1 0 1 1 0 0 1 0 1 1 1 1 0 1 0 1 1 0 1 0 1 0 0 1 1 0 0 0 1 0 0 1 ];
answers = [1 1 1 0 0 1 1 0 0 1 0 0 0 1 0 0 0 0 0 1 0 0 0 0 0 1 0 0 0 1 0 1 1 1 1 1 0 0 1 0 0 0 1 0 0 1 0 0 1 0 0 0 1 0 0 0 0 1 1 1 0 1 0 0 0 0 1 0 1 1 0 0 1 0 1 1 0 1 0 1 0 1 1 0 0 0 1 0 0 1 0 0 0 0 1 0 0 1 ];
adjustments = [-4 -4 -4 12 0 -4 -2 0 0 -2 0 0 0 -2 0 0 0 0 0 -2 0 0 0 0 0 -2 0 0 0 -2 6 -1 -1 -1 -1 -1 0 0 -1 0 3 0 -1 3 0 -1 0 0 4 0 0 0 -1 0 0 0 0 4 -1 -1 0 -1 0 0 0 0 -1 0 -1 -1 0 0 -1 0 -1 -1 3 -1 0 -1 0 -1 -1 0 3 0 -1 0 0 -1 3 0 0 0 -1 0 0 -1 ];
offsets = [2953603 79332 3192691 1838733 3168803 4401420 3069366 3157098 852846 2275378 3438699 1927406 826407 2410714 5046103 3470770 4834000 4767064 675231 2986096 235412 2033788 4194128 13763 4513134 1310149 1216813 4433169 1780081 5099764 33231 1343927 1735076 4454856 1871956 3719155 4404937 3238402 1557834 3975574 2040584 3674880 879849 3421572 2760684 4470002 1009342 1044737 3388035 2395195 222004 3404876 3521509 618609 1078031 871421 2612871 3472972 1558168 3970370 3944379 947678 1583493 2399998 1191249 2587247 2303918 190707 1238410 4510581 3358237 4805306 2545645 645436 2859425 1284739 3668983 843007 4660636 3168347 2979549 4776482 3886677 4091506 4243423 273768 1226829 3498098 588272 866470 2026661 2160766 1315129 3265397 534930 3276905 3192003 2226979 ];

