# config: "EMA:1.1.0-APPP,ID:listener01-l,SETUP:KK1,SOUNDDEVICE:USB,SOUNDSTREAM:0,SOUNDCHANNELS:1,2"
target=0.75;minreversals=14;discardreversals=4;minmeasures=25;startvalue=20.00;steps=[4  4  2  1];
threshold = [5.00 ];
values = [20.00 16.00 12.00 8.00 4.00 4.00 16.00 16.00 12.00 12.00 10.00 8.00 6.00 6.00 4.00 10.00 10.00 10.00 10.00 10.00 10.00 10.00 10.00 9.00 8.00 7.00 7.00 6.00 5.00 4.00 4.00 3.00 2.00 5.00 4.00 4.00 7.00 7.00 6.00 5.00 5.00 5.00 4.00 4.00 3.00 2.00 5.00 4.00 3.00 3.00 3.00 3.00 2.00 2.00 2.00 1.00 1.00 4.00 7.00 6.00 6.00 9.00 9.00 8.00 8.00 8.00 8.00 7.00 6.00 6.00 5.00 4.00 4.00 3.00 3.00 3.00 2.00 ];
reversals = [0 0 0 0 0 1 0 -1 0 0 0 0 0 0 1 0 0 0 0 0 0 0 -1 0 0 0 0 0 0 0 0 0 1 -1 0 1 0 -1 0 0 0 0 0 0 0 1 -1 0 0 0 0 0 0 0 0 0 1 0 -1 0 1 0 -1 0 0 0 0 0 0 0 0 0 0 0 0 0 1 ];
measures = [0 0 0 0 0 0 0 0 0 0 0 0 0 0 0 0 0 0 0 0 0 0 0 0 0 0 0 0 0 0 0 0 1 1 1 1 1 1 1 1 1 1 1 1 1 1 1 1 1 1 1 1 1 1 1 1 1 1 1 1 1 1 1 1 1 1 1 1 1 1 1 1 1 1 1 1 1 ];
presentations = [1 1 1 1 0 1 0 1 0 1 1 1 0 1 1 0 0 0 0 0 0 0 1 1 1 0 1 1 1 0 1 1 1 1 0 1 0 1 1 0 0 1 0 1 1 1 1 1 0 0 0 1 0 0 1 0 1 1 1 0 1 0 1 0 0 0 1 1 0 1 1 0 1 0 0 1 1 ];
answers = [1 1 1 1 0 0 0 1 0 1 1 1 0 1 0 0 0 0 0 0 0 0 1 1 1 0 1 1 1 0 1 1 0 1 0 0 0 1 1 0 0 1 0 1 1 0 1 1 0 0 0 1 0 0 1 0 0 0 1 0 0 0 1 0 0 0 1 1 0 1 1 0 1 0 0 1 0 ];
adjustments = [-4 -4 -4 -4 0 12 0 -4 0 -2 -2 -2 0 -2 6 0 0 0 0 0 0 0 -1 -1 -1 0 -1 -1 -1 0 -1 -1 3 -1 0 3 0 -1 -1 0 0 -1 0 -1 -1 3 -1 -1 0 0 0 -1 0 0 -1 0 3 3 -1 0 3 0 -1 0 0 0 -1 -1 0 -1 -1 0 -1 0 0 -1 3 ];
offsets = [1393807 2266279 5139015 5076602 3389813 4788829 521805 4700540 1747149 134467 1105958 1962181 5126933 2348352 4307612 4188820 1693296 1124761 3725926 1267072 881735 188070 2961333 407336 3654017 3802996 1331255 5032672 1974869 3351852 3895887 935360 5075733 1699804 4094899 2324095 2101387 3544115 326028 1070150 2998799 3866323 5221015 4620515 4257610 2444859 4860028 4069553 5151737 965372 1841834 4002621 3758714 3204951 4877951 2510183 4710867 3328491 3070636 1927871 4071881 4476128 4866936 3003396 4444391 4027375 2238716 3168507 2583042 4606665 4477519 1574402 807060 4380754 4434517 1578097 2756492 ];

