# config: "EMA:1.1.0-APPP,ID:listener01-l,SETUP:KK1,SOUNDDEVICE:USB,SOUNDSTREAM:0,SOUNDCHANNELS:1,2"
target=0.75;minreversals=14;discardreversals=4;minmeasures=25;startvalue=20.00;steps=[4  4  2  1];
threshold = [4.00 ];
values = [20.00 16.00 12.00 8.00 4.00 16.00 16.00 16.00 16.00 12.00 10.00 10.00 10.00 10.00 8.00 8.00 6.00 6.00 4.00 2.00 2.00 8.00 7.00 6.00 6.00 5.00 5.00 5.00 4.00 4.00 4.00 3.00 3.00 3.00 6.00 5.00 4.00 3.00 2.00 2.00 2.00 2.00 2.00 5.00 4.00 3.00 3.00 6.00 6.00 5.00 5.00 4.00 4.00 4.00 3.00 3.00 2.00 5.00 5.00 4.00 3.00 3.00 3.00 3.00 3.00 3.00 3.00 3.00 2.00 5.00 4.00 7.00 6.00 6.00 6.00 6.00 6.00 5.00 4.00 4.00 3.00 ];
reversals = [0 0 0 0 1 0 0 0 -1 0 0 0 0 0 0 0 0 0 0 0 1 -1 0 0 0 0 0 0 0 0 0 0 0 1 -1 0 0 0 0 0 0 0 1 -1 0 0 1 0 -1 0 0 0 0 0 0 0 1 0 -1 0 0 0 0 0 0 0 0 0 1 -1 1 -1 0 0 0 0 0 0 0 0 1 ];
measures = [0 0 0 0 0 0 0 0 0 0 0 0 0 0 0 0 0 0 0 0 0 0 0 0 0 0 0 0 0 0 0 0 0 1 1 1 1 1 1 1 1 1 1 1 1 1 1 1 1 1 1 1 1 1 1 1 1 1 1 1 1 1 1 1 1 1 1 1 1 1 1 1 1 1 1 1 1 1 1 1 1 ];
presentations = [1 1 1 1 1 0 0 0 1 1 0 0 0 1 0 1 0 1 1 0 1 1 1 0 1 0 0 1 0 0 1 0 0 1 1 1 1 1 0 0 0 0 1 1 1 0 1 0 1 0 1 0 0 1 0 1 1 0 1 1 0 0 0 0 0 0 0 1 1 1 1 1 0 0 0 0 1 1 0 1 1 ];
answers = [1 1 1 1 0 0 0 0 1 1 0 0 0 1 0 1 0 1 1 0 0 1 1 0 1 0 0 1 0 0 1 0 0 0 1 1 1 1 0 0 0 0 0 1 1 0 0 0 1 0 1 0 0 1 0 1 0 0 1 1 0 0 0 0 0 0 0 1 0 1 0 1 0 0 0 0 1 1 0 1 0 ];
adjustments = [-4 -4 -4 -4 12 0 0 0 -4 -2 0 0 0 -2 0 -2 0 -2 -2 0 6 -1 -1 0 -1 0 0 -1 0 0 -1 0 0 3 -1 -1 -1 -1 0 0 0 0 3 -1 -1 0 3 0 -1 0 -1 0 0 -1 0 -1 3 0 -1 -1 0 0 0 0 0 0 0 -1 3 -1 3 -1 0 0 0 0 -1 -1 0 -1 3 ];
offsets = [2215513 310201 4936290 600590 5014697 2665324 2073958 2186988 2156070 3664409 3902492 4107600 3730022 4158602 1811879 4862065 4188366 25152 2739141 2374544 1482295 2229476 700907 2772371 3683889 3110350 1717528 75091 1483325 563340 975684 3551434 129640 3316131 5096814 90395 2975480 410938 4880700 4768042 1896978 1237081 4819281 3452568 1295192 3351788 2877747 847499 2026395 3194873 2403684 2124220 3231920 1199105 123802 4365269 3329432 1115102 2095540 3521012 4194736 913950 2222174 4688416 2804477 4781252 181528 4970078 4444171 2912136 3529229 563521 1042689 4573871 2224109 1973313 2318629 847803 340170 565549 847053 ];

