# config: "EMA:1.1.0-APPP,ID:listener01-l,SETUP:KK1,SOUNDDEVICE:USB,SOUNDSTREAM:0,SOUNDCHANNELS:1,2"
target=0.75;minreversals=14;discardreversals=4;minmeasures=25;startvalue=20.00;steps=[4  4  2  1];
threshold = [-0.50 ];
values = [20.00 16.00 12.00 8.00 8.00 4.00 0.00 12.00 8.00 8.00 6.00 6.00 4.00 4.00 4.00 4.00 4.00 4.00 2.00 0.00 -2.00 -2.00 -2.00 4.00 3.00 3.00 3.00 3.00 3.00 2.00 1.00 1.00 0.00 0.00 -1.00 -1.00 2.00 1.00 1.00 1.00 1.00 1.00 1.00 0.00 0.00 -1.00 -1.00 -1.00 -2.00 1.00 1.00 0.00 3.00 2.00 2.00 1.00 0.00 -1.00 -1.00 -1.00 -2.00 -2.00 -3.00 -3.00 -4.00 -1.00 -1.00 -1.00 -1.00 -1.00 -1.00 -2.00 1.00 1.00 0.00 0.00 -1.00 2.00 2.00 1.00 0.00 0.00 -1.00 ];
reversals = [0 0 0 0 0 0 1 -1 0 0 0 0 0 0 0 0 0 0 0 0 0 0 1 -1 0 0 0 0 0 0 0 0 0 0 0 1 -1 0 0 0 0 0 0 0 0 0 0 0 1 0 -1 1 -1 0 0 0 0 0 0 0 0 0 0 0 1 0 0 0 0 0 -1 1 0 -1 0 0 1 0 -1 0 0 0 0 ];
measures = [0 0 0 0 0 0 0 0 0 0 0 0 0 0 0 0 0 0 0 0 0 0 0 0 0 0 0 0 0 0 0 0 0 0 0 1 1 1 1 1 1 1 1 1 1 1 1 1 1 1 1 1 1 1 1 1 1 1 1 1 1 1 1 1 1 1 1 1 1 1 1 1 1 1 1 1 1 1 1 1 1 1 1 ];
presentations = [1 1 1 0 1 1 1 1 0 1 0 1 0 0 0 0 0 1 1 1 0 0 1 1 0 0 0 0 1 1 0 1 0 1 0 1 1 0 0 0 0 0 1 0 1 0 0 1 1 0 1 1 1 0 1 1 1 0 0 1 0 1 0 1 1 0 0 0 0 0 1 1 0 1 0 1 1 0 1 1 0 1 1 ];
answers = [1 1 1 0 1 1 0 1 0 1 0 1 0 0 0 0 0 1 1 1 0 0 0 1 0 0 0 0 1 1 0 1 0 1 0 0 1 0 0 0 0 0 1 0 1 0 0 1 0 0 1 0 1 0 1 1 1 0 0 1 0 1 0 1 0 0 0 0 0 0 1 0 0 1 0 1 0 0 1 1 0 1 1 ];
adjustments = [-4 -4 -4 0 -4 -4 12 -4 0 -2 0 -2 0 0 0 0 0 -2 -2 -2 0 0 6 -1 0 0 0 0 -1 -1 0 -1 0 -1 0 3 -1 0 0 0 0 0 -1 0 -1 0 0 -1 3 0 -1 3 -1 0 -1 -1 -1 0 0 -1 0 -1 0 -1 3 0 0 0 0 0 -1 3 0 -1 0 -1 3 0 -1 -1 0 -1 -1 ];
offsets = [3427417 5030846 3435555 1061518 1915988 2418973 3116821 5124605 2929501 4188460 4973125 3823374 509485 3658202 3636517 2576416 4687388 3734163 3055686 4706762 1274667 1905116 2214037 4205389 1282936 753657 467679 1682147 1711833 4964081 2463935 3480951 825994 4448981 2246327 3853858 2018926 2066326 2419058 3696854 313208 2847027 2303375 4272301 3400497 4410982 5059355 5059692 1841949 533817 167121 4157354 4163062 5110416 224634 1075231 680373 5240817 3299846 2868033 3989563 4635390 2984527 1997818 2960590 2624402 1111357 18215 3743092 3350131 4585603 5155543 3548853 1467197 2871858 2200292 3078229 3734173 2377714 3864076 5070261 3099448 3668028 ];

