# config: "EMA:1.1.0-APPP,ID:listener17-r,SETUP:KK1,SOUNDDEVICE:USB,SOUNDSTREAM:0,SOUNDCHANNELS:1,2"
target=0.75;minreversals=14;discardreversals=4;minmeasures=25;startvalue=70.00;steps=[8  8  4  2];
threshold = [54.00 ];
values = [70.00 62.00 54.00 46.00 46.00 38.00 70.00 62.00 58.00 58.00 58.00 54.00 50.00 50.00 50.00 50.00 50.00 46.00 46.00 46.00 46.00 42.00 42.00 42.00 42.00 42.00 42.00 42.00 42.00 54.00 54.00 52.00 52.00 50.00 48.00 48.00 48.00 46.00 44.00 42.00 40.00 46.00 44.00 44.00 42.00 42.00 50.00 50.00 48.00 46.00 46.00 54.00 54.00 54.00 54.00 52.00 50.00 50.00 58.00 58.00 58.00 56.00 54.00 52.00 50.00 58.00 58.00 56.00 56.00 54.00 62.00 60.00 58.00 66.00 74.00 72.00 80.00 78.00 78.00 78.00 76.00 76.00 74.00 74.00 72.00 72.00 70.00 68.00 66.00 64.00 ];
reversals = [0 0 0 0 0 1 -1 0 0 0 0 0 0 0 0 0 0 0 0 0 0 0 0 0 0 0 0 0 1 0 -1 0 0 0 0 0 0 0 0 0 1 -1 0 0 0 1 0 -1 0 0 1 0 0 0 -1 0 0 1 0 0 -1 0 0 0 1 0 -1 0 0 1 -1 0 1 0 -1 1 -1 0 0 0 0 0 0 0 0 0 0 0 0 0 ];
measures = [0 0 0 0 0 0 0 0 0 0 0 0 0 0 0 0 0 0 0 0 0 0 0 0 0 0 0 0 0 0 0 0 0 0 0 0 0 0 0 0 1 1 1 1 1 1 1 1 1 1 1 1 1 1 1 1 1 1 1 1 1 1 1 1 1 1 1 1 1 1 1 1 1 1 1 1 1 1 1 1 1 1 1 1 1 1 1 1 1 1 ];
presentations = [1 1 1 0 1 0 1 1 0 0 1 1 0 0 0 0 1 0 0 0 1 0 0 0 0 0 0 0 1 0 1 0 1 1 0 0 1 1 1 1 1 1 0 1 0 0 0 1 1 0 0 0 0 0 1 1 0 0 0 0 1 1 1 1 0 0 1 0 1 0 1 1 0 0 1 0 1 0 0 1 0 1 0 1 0 1 1 1 1 1 ];
answers = [1 1 1 0 1 1 1 1 0 0 1 1 0 0 0 0 1 0 0 0 1 0 0 0 0 0 0 0 0 0 1 0 1 1 0 0 1 1 1 1 0 1 0 1 0 1 0 1 1 0 1 0 0 0 1 1 0 1 0 0 1 1 1 1 1 0 1 0 1 1 1 1 1 1 1 1 1 0 0 1 0 1 0 1 0 1 1 1 1 1 ];
adjustments = [-8 -8 -8 0 -8 32 -8 -4 0 0 -4 -4 0 0 0 0 -4 0 0 0 -4 0 0 0 0 0 0 0 12 0 -2 0 -2 -2 0 0 -2 -2 -2 -2 6 -2 0 -2 0 8 0 -2 -2 0 8 0 0 0 -2 -2 0 8 0 0 -2 -2 -2 -2 8 0 -2 0 -2 8 -2 -2 8 8 -2 8 -2 0 0 -2 0 -2 0 -2 0 -2 -2 -2 -2 -2 ];

