# config: "EMA:1.1.0-APPP,ID:listener17-r,SETUP:KK1,SOUNDDEVICE:USB,SOUNDSTREAM:0,SOUNDCHANNELS:1,2"
target=0.50;discardreversals=2;startvalue=0.00;steps=[4  2  1];
threshold = [-6.50 ];
values = [0.00 -10.00 0.00 -5.00 -6.50 -5.00 -7.50 -8.00 -7.50 -8.00 -6.50 -8.00 -5.50 -6.00 -6.50 -6.00 -4.50 -7.00 -6.50 -8.00 ];
reversals = [0 1 -1 0 1 -1 0 1 -1 1 -1 1 -1 0 1 0 -1 1 -1 1 ];
measures = [0 0 0 0 1 1 1 1 1 1 1 1 1 1 1 1 1 1 1 1 ];
presentations = [1 2 3 4 5 6 7 8 9 10 11 12 13 14 15 16 17 18 19 20 ];
answers = [5 0 5 4 1 5 3 2 3 1 4 0 3 3 2 1 5 2 4 2 ];
adjustments = [-10 10 -5 -1.5 1.5 -2.5 -0.5 0.5 -0.5 1.5 -1.5 2.5 -0.5 -0.5 0.5 1.5 -2.5 0.5 -1.5 0.5 ];
sentences = {'31601' '77705' '44697' '50976' '66553' '24318' '15149' '98162' '33528' '59026' '21080' '85813' '06251' '03262' '90790' '69444' '82487' '77974' '12339' '48835' };
offsets = [1155760 9089266 9043492 6923253 3650193 5034221 5649264 9164772 1039017 9617725 1088083 7053474 6539433 8642709 6264060 6688712 5770928 4970230 6352399 7349618 ];

