# config: "EMA:1.1.0-APPP,ID:listener17-r,SETUP:KK1,SOUNDDEVICE:USB,SOUNDSTREAM:0,SOUNDCHANNELS:1,2"
target=0.50;discardreversals=2;startvalue=0.00;steps=[4  2  1];
threshold = [-5.75 ];
values = [0.00 -6.00 -12.00 -2.00 -3.00 -4.50 -5.00 -6.50 -4.00 -4.50 -5.00 -7.50 -6.00 -5.50 -4.00 -6.50 -5.00 -5.50 -7.00 -4.50 ];
reversals = [0 0 1 -1 0 0 0 1 -1 0 0 1 0 0 -1 1 -1 0 1 -1 ];
measures = [0 0 0 0 0 0 0 1 1 1 1 1 1 1 1 1 1 1 1 1 ];
presentations = [1 2 3 4 5 6 7 8 9 10 11 12 13 14 15 16 17 18 19 20 ];
answers = [4 4 0 3 4 3 4 0 3 3 5 1 2 1 5 1 3 4 0 5 ];
adjustments = [-6 -6 10 -1 -1.5 -0.5 -1.5 2.5 -0.5 -0.5 -2.5 1.5 0.5 1.5 -2.5 1.5 -0.5 -1.5 2.5 -2.5 ];
sentences = {'05413' '34994' '80338' '47173' '39994' '23081' '26626' '67850' '86800' '65555' '51437' '18348' '70762' '18502' '43285' '72141' '94067' '92629' '51779' '09216' };
offsets = [4155357 5502003 5846150 6925621 3014038 8558116 7936975 7278724 2504868 1657459 4515605 3178891 3179980 5019959 885987 6141759 137062 7467751 237106 5052374 ];

