# config: "EMA:1.1.0-APPP,ID:listener17-r,SETUP:KK1,SOUNDDEVICE:USB,SOUNDSTREAM:0,SOUNDCHANNELS:1,2"
target=0.50;discardreversals=2;startvalue=0.00;steps=[4  2  1];
threshold = [-32.00 ];
values = [0.00 -10.00 -20.00 -30.00 -32.00 -42.00 -32.00 -27.00 -30.00 -30.50 -32.00 -30.50 -32.00 -30.50 -33.00 -31.50 -31.00 -28.50 -31.00 -33.50 ];
reversals = [0 0 0 0 0 1 0 -1 0 0 1 -1 1 -1 1 0 0 -1 0 1 ];
measures = [0 0 0 0 0 0 0 0 0 0 1 1 1 1 1 1 1 1 1 1 ];
presentations = [1 2 3 4 5 6 7 8 9 10 11 12 13 14 15 16 17 18 19 20 ];
answers = [5 5 5 3 5 0 0 4 3 4 1 4 1 5 1 2 0 5 5 1 ];
adjustments = [-10 -10 -10 -2 -10 10 5 -3 -0.5 -1.5 1.5 -1.5 1.5 -2.5 1.5 0.5 2.5 -2.5 -2.5 1.5 ];
sentences = {'90013' '95162' '10681' '89364' '63558' '34226' '46393' '51417' '44529' '02737' '15952' '23448' '51195' '76600' '78835' '37886' '29744' '68271' '82009' '07970' };
offsets = [3464163 5966572 5196581 5925661 162737 3038878 690932 2884734 845929 2755220 3352863 3510277 4120833 2860941 7107077 5732489 2556933 2566327 1524631 2604195 ];

