# config: "EMA:1.1.0-APPP,ID:listener17-r,SETUP:KK1,SOUNDDEVICE:USB,SOUNDSTREAM:0,SOUNDCHANNELS:1,2"
target=0.50;discardreversals=2;startvalue=0.00;steps=[4  2  1];
threshold = [-12.50 ];
values = [0.00 -10.00 -8.00 -9.00 -10.50 -12.00 -14.50 -13.00 -12.50 -13.00 -13.50 -12.00 -12.50 -10.00 -12.50 -12.00 -12.50 -13.00 -12.50 -12.00 ];
reversals = [0 1 -1 0 0 0 1 0 -1 0 1 -1 1 -1 1 -1 0 1 0 0 ];
measures = [0 0 0 0 0 0 1 1 1 1 1 1 1 1 1 1 1 1 1 1 ];
presentations = [1 2 3 4 5 6 7 8 9 10 11 12 13 14 15 16 17 18 19 20 ];
answers = [5 2 3 4 4 5 1 2 3 3 1 3 0 5 2 3 3 2 2 1 ];
adjustments = [-10 2 -1 -1.5 -1.5 -2.5 1.5 0.5 -0.5 -0.5 1.5 -0.5 2.5 -2.5 0.5 -0.5 -0.5 0.5 0.5 1.5 ];
sentences = {'90013' '76600' '02737' '15952' '24318' '44529' '77974' '59026' '15149' '90790' '31601' '68271' '66553' '51195' '23448' '03262' '48835' '37886' '89364' '82487' };
offsets = [5451445 943180 6930468 1159110 6531020 6319205 6884047 2547907 1312859 6372853 7862193 7209862 927174 4666120 3637775 2729716 831942 8139948 7366858 4714114 ];

