# config: "EMA:1.1.0-APPP,ID:listener17-r,SETUP:KK1,SOUNDDEVICE:USB,SOUNDSTREAM:0,SOUNDCHANNELS:1,2"
target=0.50;discardreversals=2;startvalue=0.00;steps=[4  2  1];
threshold = [-14.75 ];
values = [0.00 -10.00 -20.00 -10.00 -15.00 -16.50 -16.00 -13.50 -15.00 -14.50 -16.00 -13.50 -12.00 -14.50 -16.00 -13.50 -13.00 -15.50 -14.00 -13.50 ];
reversals = [0 0 1 -1 0 1 0 -1 1 -1 1 0 -1 0 1 0 -1 1 0 -1 ];
measures = [0 0 0 0 0 1 1 1 1 1 1 1 1 1 1 1 1 1 1 1 ];
presentations = [1 2 3 4 5 6 7 8 9 10 11 12 13 14 15 16 17 18 19 20 ];
answers = [5 5 0 5 4 2 0 4 2 4 0 1 5 4 0 2 5 1 2 3 ];
adjustments = [-10 -10 10 -5 -1.5 0.5 2.5 -1.5 0.5 -1.5 2.5 1.5 -2.5 -1.5 2.5 0.5 -2.5 1.5 0.5 -0.5 ];
sentences = {'66553' '95162' '90790' '63558' '15149' '10681' '78835' '59026' '48835' '82487' '29744' '77974' '46393' '51417' '82009' '03262' '24318' '34226' '07970' '31601' };
offsets = [2566204 8026602 6041787 7529514 4273604 634377 2656105 4825073 7396864 4611464 8347405 8489383 785605 2744087 6942648 1124630 2701503 3586033 8870747 1466699 ];

