# config: "EMA:1.1.0-APPP,ID:listener17-r,SETUP:KK1,SOUNDDEVICE:USB,SOUNDSTREAM:0,SOUNDCHANNELS:1,2"
target=0.50;discardreversals=2;startvalue=0.00;steps=[4  2  1];
threshold = [-5.50 ];
values = [0.00 -10.00 0.00 -5.00 -6.50 -5.00 -4.50 -6.00 -4.50 -4.00 -6.50 -5.00 -7.50 -5.00 -4.50 -5.00 -6.50 -6.00 -3.50 -3.00 ];
reversals = [0 1 -1 0 1 0 -1 1 0 -1 1 -1 1 0 -1 0 1 0 0 -1 ];
measures = [0 0 0 0 1 1 1 1 1 1 1 1 1 1 1 1 1 1 1 1 ];
presentations = [1 2 3 4 5 6 7 8 9 10 11 12 13 14 15 16 17 18 19 20 ];
answers = [5 0 5 4 1 2 4 1 2 5 1 5 0 2 3 4 2 0 2 3 ];
adjustments = [-10 10 -5 -1.5 1.5 0.5 -1.5 1.5 0.5 -2.5 1.5 -2.5 2.5 0.5 -0.5 -1.5 0.5 2.5 0.5 -0.5 ];
sentences = {'63558' '95162' '34994' '34226' '47173' '65555' '23081' '51417' '07970' '18348' '51437' '10681' '92629' '29744' '82009' '78835' '46393' '86800' '70762' '09216' };
offsets = [4359706 21882 4934605 822721 2946332 8568384 7412978 7468770 116604 4922492 8663912 3125691 6233578 7547251 47890 2402684 5090489 4300857 4126404 6418553 ];

