# config: "EMA:1.1.0-APPP,ID:listener17-r,SETUP:KK1,SOUNDDEVICE:USB,SOUNDSTREAM:0,SOUNDCHANNELS:1,2"
target=0.50;discardreversals=2;startvalue=0.00;steps=[4  2  1];
threshold = [-4.75 ];
values = [0.00 -10.00 0.00 -5.00 -5.50 -4.00 -4.50 -3.00 -5.50 -7.00 -8.50 -6.00 -4.50 -5.00 -4.50 -6.00 -5.50 -8.00 -5.50 -3.00 ];
reversals = [0 1 -1 0 1 -1 1 -1 0 0 1 0 -1 1 -1 1 -1 1 0 -1 ];
measures = [0 0 0 0 1 1 1 1 1 1 1 1 1 1 1 1 1 1 1 1 ];
presentations = [1 2 3 4 5 6 7 8 9 10 11 12 13 14 15 16 17 18 19 20 ];
answers = [5 0 5 3 1 3 1 5 4 4 0 1 3 2 4 2 5 0 0 5 ];
adjustments = [-10 10 -5 -0.5 1.5 -0.5 1.5 -2.5 -1.5 -1.5 2.5 1.5 -0.5 0.5 -1.5 0.5 -2.5 2.5 2.5 -2.5 ];
sentences = {'44697' '33528' '85813' '47048' '06251' '89135' '98162' '76802' '24621' '77705' '00456' '61793' '33980' '69444' '52277' '18314' '21080' '95569' '12339' '50976' };
offsets = [3907177 5130334 883840 2669452 7712443 8657851 8125737 5565735 7418677 2200509 757475 7855940 8918590 9825676 8850988 2560594 3122898 3285829 9387767 349009 ];

