# config: "EMA:1.1.0-APPP,ID:listener17-r,SETUP:KK1,SOUNDDEVICE:USB,SOUNDSTREAM:0,SOUNDCHANNELS:1,2"
target=0.50;discardreversals=2;startvalue=0.00;steps=[4  2  1];
threshold = [-6.00 ];
values = [0.00 -2.00 -8.00 2.00 -3.00 -4.50 -5.00 -7.50 -5.00 -5.50 -6.00 -3.50 -1.00 -1.50 -4.00 -5.50 -7.00 -5.50 -6.00 -6.50 ];
reversals = [0 0 1 -1 0 0 0 1 -1 0 1 0 -1 0 0 0 1 -1 0 1 ];
measures = [0 0 0 0 0 0 0 1 1 1 1 1 1 1 1 1 1 1 1 1 ];
presentations = [1 2 3 4 5 6 7 8 9 10 11 12 13 14 15 16 17 18 19 20 ];
answers = [3 4 0 5 4 3 5 0 3 3 0 0 3 5 4 4 1 3 3 1 ];
adjustments = [-2 -6 10 -5 -1.5 -0.5 -2.5 2.5 -0.5 -0.5 2.5 2.5 -0.5 -2.5 -1.5 -1.5 1.5 -0.5 -0.5 1.5 ];
sentences = {'22336' '87470' '77974' '69009' '11755' '66553' '54841' '08168' '70287' '48835' '82487' '36514' '90790' '93692' '03262' '59026' '31601' '15149' '45923' '24318' };
offsets = [657809 1794679 2304259 840448 684336 1624925 3246433 847041 1373615 2097006 1141758 794324 2798432 3247713 3023929 4461075 5631071 6109112 492791 6760236 ];

