# config: "EMA:1.1.0-APPP,ID:listener17-r,SETUP:KK1,SOUNDDEVICE:USB,SOUNDSTREAM:0,SOUNDCHANNELS:1,2"
target=0.50;discardreversals=2;startvalue=0.00;steps=[4  2  1];
threshold = [-39.75 ];
values = [0.00 -10.00 -20.00 -30.00 -40.00 -50.00 -40.00 -39.00 -42.00 -39.50 -37.00 -39.50 -40.00 -42.50 -40.00 -38.50 -41.00 -39.50 -37.00 -39.50 ];
reversals = [0 0 0 0 0 1 0 -1 1 0 -1 0 0 1 0 -1 1 0 -1 0 ];
measures = [0 0 0 0 0 0 0 0 1 1 1 1 1 1 1 1 1 1 1 1 ];
presentations = [1 2 3 4 5 6 7 8 9 10 11 12 13 14 15 16 17 18 19 20 ];
answers = [5 5 5 5 5 0 2 4 0 0 5 3 5 0 1 5 1 0 5 5 ];
adjustments = [-10 -10 -10 -10 -10 10 1 -3 2.5 2.5 -2.5 -0.5 -2.5 2.5 1.5 -2.5 1.5 2.5 -2.5 -2.5 ];
sentences = {'21080' '85813' '06251' '26626' '05413' '69444' '18502' '67850' '50976' '80338' '51779' '33528' '94067' '12339' '39994' '44697' '98162' '72141' '77705' '43285' };
offsets = [3928819 3486456 4952928 1032844 1480495 2694251 1505039 968381 2124401 1346912 3798289 3796436 6246721 62549 6586313 3550527 1855507 2002529 3954541 248401 ];

