# config: "EMA:1.1.0-APPP,ID:listener17-r,SETUP:KK1,SOUNDDEVICE:USB,SOUNDSTREAM:0,SOUNDCHANNELS:1,2"
target=0.50;discardreversals=2;startvalue=0.00;steps=[4  2  1];
threshold = [-15.00 ];
values = [0.00 -6.00 -12.00 -18.00 -8.00 -13.00 -14.50 -15.00 -13.50 -13.00 -14.50 -17.00 -16.50 -16.00 -15.50 -15.00 -15.50 -15.00 -15.50 -14.00 ];
reversals = [0 0 0 1 -1 0 0 1 0 -1 0 1 0 0 0 -1 1 -1 1 -1 ];
measures = [0 0 0 0 0 0 0 1 1 1 1 1 1 1 1 1 1 1 1 1 ];
presentations = [1 2 3 4 5 6 7 8 9 10 11 12 13 14 15 16 17 18 19 20 ];
answers = [4 4 4 0 5 4 3 1 2 4 5 2 2 2 2 3 2 3 1 3 ];
adjustments = [-6 -6 -6 10 -5 -1.5 -0.5 1.5 0.5 -1.5 -2.5 0.5 0.5 0.5 0.5 -0.5 0.5 -0.5 1.5 -0.5 ];
sentences = {'91451' '34226' '07970' '70565' '52988' '03676' '14040' '46393' '29394' '87713' '35209' '82009' '48832' '78835' '66127' '51417' '10681' '63558' '29744' '95162' };
offsets = [5335197 7710704 5190142 5266775 5243954 4065150 5475362 7309000 6358627 1925192 764871 566423 7329222 6373774 5498861 1483641 8433420 1202860 6795835 2427915 ];

