# config: "EMA:1.1.0-APPP,ID:listener17-r,SETUP:KK1,SOUNDDEVICE:USB,SOUNDSTREAM:0,SOUNDCHANNELS:1,2"
target=0.50;discardreversals=2;startvalue=0.00;steps=[4  2  1];
threshold = [-17.50 ];
values = [0.00 -10.00 -16.00 -22.00 -12.00 -17.00 -17.50 -17.00 -15.50 -18.00 -17.50 -18.00 -18.50 -17.00 -15.50 -16.00 -17.50 -18.00 -20.50 -20.00 ];
reversals = [0 0 0 1 -1 0 1 0 -1 1 -1 0 1 0 -1 0 0 0 1 0 ];
measures = [0 0 0 0 0 0 1 1 1 1 1 1 1 1 1 1 1 1 1 1 ];
presentations = [1 2 3 4 5 6 7 8 9 10 11 12 13 14 15 16 17 18 19 20 ];
answers = [5 4 4 0 5 3 2 1 5 2 3 3 1 1 3 4 3 5 2 2 ];
adjustments = [-10 -6 -6 10 -5 -0.5 0.5 1.5 -2.5 0.5 -0.5 -0.5 1.5 1.5 -0.5 -1.5 -0.5 -2.5 0.5 0.5 ];
sentences = {'91451' '87263' '22586' '41634' '55025' '48832' '30757' '14040' '68819' '87713' '35209' '29394' '03676' '74972' '16140' '99308' '66127' '70565' '03491' '52988' };
offsets = [3805197 3310318 7133214 524364 1026031 3247461 2970638 6943307 6471703 6219817 4109386 509756 4592296 6621631 4972502 5286990 19357 6401516 1459037 7232630 ];

