# config: "EMA:1.1.0-APPP,ID:listener17-r,SETUP:KK1,SOUNDDEVICE:USB,SOUNDSTREAM:0,SOUNDCHANNELS:1,2"
target=0.50;discardreversals=2;startvalue=0.00;steps=[4  2  1];
threshold = [-30.00 ];
values = [0.00 -10.00 -20.00 -30.00 -20.00 -25.00 -27.50 -30.00 -30.50 -30.00 -31.50 -30.00 -31.50 -32.00 -30.50 -30.00 -27.50 -28.00 -29.50 -27.00 ];
reversals = [0 0 0 1 -1 0 0 0 1 -1 1 -1 0 1 0 0 -1 0 1 -1 ];
measures = [0 0 0 0 0 0 0 0 1 1 1 1 1 1 1 1 1 1 1 1 ];
presentations = [1 2 3 4 5 6 7 8 9 10 11 12 13 14 15 16 17 18 19 20 ];
answers = [5 5 5 0 5 5 5 3 2 4 1 4 3 1 2 0 3 4 0 4 ];
adjustments = [-10 -10 -10 10 -5 -2.5 -2.5 -0.5 0.5 -1.5 1.5 -1.5 -0.5 1.5 0.5 2.5 -0.5 -1.5 2.5 -1.5 ];
sentences = {'51195' '02737' '94067' '44529' '67850' '72141' '90013' '23448' '37886' '26626' '05413' '80338' '18502' '51779' '15952' '39994' '89364' '76600' '68271' '43285' };
offsets = [5913590 3225867 5373827 4356889 4976341 2107245 1157997 1439351 6123071 2302352 728166 7256947 245099 342799 30150 2567791 4893297 2819542 699084 5050800 ];

