# config: "EMA:1.1.0-APPP,ID:listener17-r,SETUP:KK1,SOUNDDEVICE:USB,SOUNDSTREAM:0,SOUNDCHANNELS:1,2"
target=0.50;discardreversals=2;startvalue=0.00;steps=[4  2  1];
threshold = [-35.50 ];
values = [0.00 -10.00 -20.00 -30.00 -40.00 -30.00 -35.00 -35.50 -34.00 -35.50 -34.00 -36.50 -34.00 -36.50 -34.00 -36.50 -35.00 -32.50 -34.00 -36.50 ];
reversals = [0 0 0 0 1 -1 0 1 -1 1 -1 1 -1 1 -1 1 0 -1 0 1 ];
measures = [0 0 0 0 0 0 0 1 1 1 1 1 1 1 1 1 1 1 1 1 ];
presentations = [1 2 3 4 5 6 7 8 9 10 11 12 13 14 15 16 17 18 19 20 ];
answers = [5 5 5 5 0 5 3 1 4 1 5 0 5 0 5 1 0 4 5 2 ];
adjustments = [-10 -10 -10 -10 10 -5 -0.5 1.5 -1.5 1.5 -2.5 2.5 -2.5 2.5 -2.5 1.5 2.5 -1.5 -2.5 0.5 ];
sentences = {'66127' '16140' '74972' '52988' '03676' '22586' '14040' '87713' '55025' '41634' '03491' '91451' '87263' '48832' '30757' '29394' '99308' '35209' '70565' '68819' };
offsets = [335784 6816759 5474400 7215321 6185997 741049 3461192 4526761 3205736 4647605 35958 5139736 2909173 3882191 2963969 3221064 2015740 1993266 5383648 5842912 ];

