# config: "EMA:1.1.0-APPP,ID:listener17-r,SETUP:KK1,SOUNDDEVICE:USB,SOUNDSTREAM:0,SOUNDCHANNELS:1,2"
target=0.50;discardreversals=2;startvalue=0.00;steps=[4  2  1];
threshold = [-6.00 ];
values = [0.00 -6.00 -4.00 -7.00 -4.50 -6.00 -7.50 -7.00 -6.50 -4.00 -5.50 -8.00 -5.50 -7.00 -8.50 -8.00 -5.50 -4.00 -6.50 -4.00 ];
reversals = [0 1 -1 1 -1 0 1 0 0 -1 0 1 -1 0 1 0 0 -1 1 -1 ];
measures = [0 0 0 1 1 1 1 1 1 1 1 1 1 1 1 1 1 1 1 1 ];
presentations = [1 2 3 4 5 6 7 8 9 10 11 12 13 14 15 16 17 18 19 20 ];
answers = [4 2 4 0 4 4 2 2 0 4 5 0 4 4 2 0 1 5 0 5 ];
adjustments = [-6 2 -3 2.5 -1.5 -1.5 0.5 0.5 2.5 -1.5 -2.5 2.5 -1.5 -1.5 0.5 2.5 1.5 -2.5 2.5 -2.5 ];
sentences = {'21080' '69444' '72141' '39994' '94067' '33528' '12339' '18502' '85813' '67850' '06251' '05413' '43285' '98162' '77705' '51779' '50976' '44697' '80338' '26626' };
offsets = [831141 9427393 591439 5085450 79467 840062 8563608 541802 1170802 3745158 8219468 77546 6257194 452490 523487 8749182 7198429 9823037 6160486 6539275 ];

