# config: "EMA:1.1.0-APPP,ID:listener17-r,SETUP:KK1,SOUNDDEVICE:USB,SOUNDSTREAM:0,SOUNDCHANNELS:1,2"
target=0.50;discardreversals=2;startvalue=0.00;steps=[4  2  1];
threshold = [-11.75 ];
values = [0.00 -10.00 -12.00 -14.00 -8.00 -11.00 -10.50 -11.00 -12.50 -12.00 -10.50 -11.00 -12.50 -13.00 -14.50 -14.00 -16.50 -14.00 -11.50 -11.00 ];
reversals = [0 0 0 1 -1 1 -1 0 1 0 -1 0 0 0 1 -1 1 0 0 -1 ];
measures = [0 0 0 0 0 1 1 1 1 1 1 1 1 1 1 1 1 1 1 1 ];
presentations = [1 2 3 4 5 6 7 8 9 10 11 12 13 14 15 16 17 18 19 20 ];
answers = [5 3 3 1 4 2 3 4 2 1 3 4 3 4 2 5 0 0 2 5 ];
adjustments = [-10 -2 -2 6 -3 0.5 -0.5 -1.5 0.5 1.5 -0.5 -1.5 -0.5 -1.5 0.5 -2.5 2.5 2.5 0.5 -2.5 ];
sentences = {'12339' '06251' '94067' '05413' '43285' '80338' '77705' '39994' '18502' '98162' '51779' '50976' '72141' '44697' '69444' '21080' '85813' '33528' '67850' '26626' };
offsets = [3121530 4106783 177663 5023930 6010299 6254765 4823836 7845429 4955233 4206704 4748354 8351002 3994616 1061887 5563004 5115147 4618472 3736482 38375 4602593 ];

