# config: "EMA:1.1.0-APPP,ID:listener17-r,SETUP:KK1,SOUNDDEVICE:USB,SOUNDSTREAM:0,SOUNDCHANNELS:1,2"
target=0.75;minreversals=14;discardreversals=4;minmeasures=25;startvalue=20.00;steps=[4  4  2  1];
threshold = [-3.00 ];
values = [20.00 16.00 12.00 8.00 4.00 4.00 4.00 4.00 0.00 -4.00 -4.00 -4.00 8.00 4.00 2.00 0.00 -2.00 -4.00 -4.00 -4.00 -4.00 -4.00 -4.00 -4.00 -4.00 2.00 1.00 0.00 0.00 -1.00 -1.00 -2.00 -2.00 -3.00 -3.00 -4.00 -1.00 -1.00 -2.00 -2.00 -2.00 -2.00 -2.00 -3.00 -3.00 -3.00 0.00 0.00 0.00 0.00 0.00 -1.00 -2.00 2.00 2.00 2.00 1.00 0.00 0.00 -1.00 -1.00 -2.00 -2.00 -2.00 -3.00 -3.00 -4.00 -5.00 -5.00 -6.00 -3.00 -4.00 -1.00 -1.00 -1.00 -1.00 -1.00 -1.00 -1.00 2.00 1.00 1.00 0.00 -1.00 -1.00 -1.00 -2.00 -2.00 -2.00 -3.00 -4.00 ];
reversals = [0 0 0 0 0 0 0 0 0 0 0 1 -1 0 0 0 0 0 0 0 0 0 0 0 1 -1 0 0 0 0 0 0 0 0 0 1 0 -1 0 0 0 0 0 0 0 1 0 0 0 0 -1 0 1 0 0 -1 0 0 0 0 0 0 0 0 0 0 0 0 0 1 -1 1 0 0 0 0 0 0 0 -1 0 0 0 0 0 0 0 0 0 0 1 ];
measures = [0 0 0 0 0 0 0 0 0 0 0 0 0 0 0 0 0 0 0 0 0 0 0 0 0 0 0 0 0 0 0 0 0 0 0 1 1 1 1 1 1 1 1 1 1 1 1 1 1 1 1 1 1 1 1 1 1 1 1 1 1 1 1 1 1 1 1 1 1 1 1 1 1 1 1 1 1 1 1 1 1 1 1 1 1 1 1 1 1 1 1 ];
presentations = [1 1 1 1 0 0 0 1 1 0 0 1 1 1 1 1 1 0 0 0 0 0 0 0 1 1 1 0 1 0 1 0 1 0 1 1 0 1 0 0 0 0 1 0 0 1 0 0 0 0 1 1 0 0 0 1 1 0 1 0 1 0 0 1 0 1 1 0 1 1 1 1 0 0 0 0 0 0 1 1 0 1 1 0 0 1 0 0 1 1 1 ];
answers = [1 1 1 1 0 0 0 1 1 0 0 0 1 1 1 1 1 0 0 0 0 0 0 0 0 1 1 0 1 0 1 0 1 0 1 0 0 1 0 0 0 0 1 0 0 0 0 0 0 0 1 1 1 0 0 1 1 0 1 0 1 0 0 1 0 1 1 0 1 0 1 0 0 0 0 0 0 0 0 1 0 1 1 0 0 1 0 0 1 1 0 ];
adjustments = [-4 -4 -4 -4 0 0 0 -4 -4 0 0 12 -4 -2 -2 -2 -2 0 0 0 0 0 0 0 6 -1 -1 0 -1 0 -1 0 -1 0 -1 3 0 -1 0 0 0 0 -1 0 0 3 0 0 0 0 -1 -1 4 0 0 -1 -1 0 -1 0 -1 0 0 -1 0 -1 -1 0 -1 3 -1 3 0 0 0 0 0 0 3 -1 0 -1 -1 0 0 -1 0 0 -1 -1 3 ];
offsets = [626687 4421073 151010 4807928 4438731 1155686 4712164 3449701 4227020 2980392 1035080 4045584 4825109 5118469 843066 1617396 4972335 4017939 1980208 1939115 3722480 352306 2515615 1169581 1929622 4573753 598728 21696 3878530 2056017 4215530 3917819 193304 4813106 3989894 2797493 3729355 329272 3475893 1123803 2309683 907398 3042577 959287 1449474 1540529 4333407 892584 3614875 3258535 2796720 1211424 4326645 786336 2838185 1145972 4063638 4434015 1062636 1738335 762994 2612804 1381727 4647826 2723422 238194 1063932 1435763 1910073 1997122 3906322 4223805 1814815 5102984 3051392 1510002 2440933 3634059 2730630 4126626 3912667 4791052 805544 3975798 4594223 4501310 3571450 3246006 147492 2931081 3238980 ];

