# config: "EMA:1.1.0-APPP,ID:listener17-r,SETUP:KK1,SOUNDDEVICE:USB,SOUNDSTREAM:0,SOUNDCHANNELS:1,2"
target=0.75;minreversals=14;discardreversals=4;minmeasures=25;startvalue=20.00;steps=[4  4  2  1];
threshold = [3.50 ];
values = [20.00 16.00 12.00 8.00 8.00 8.00 4.00 4.00 4.00 16.00 16.00 12.00 12.00 10.00 8.00 8.00 6.00 6.00 4.00 4.00 2.00 8.00 7.00 7.00 7.00 6.00 5.00 4.00 3.00 3.00 6.00 5.00 5.00 5.00 4.00 3.00 6.00 6.00 5.00 5.00 4.00 3.00 3.00 3.00 3.00 2.00 1.00 4.00 4.00 3.00 2.00 5.00 9.00 8.00 7.00 7.00 6.00 6.00 5.00 4.00 4.00 4.00 3.00 6.00 6.00 5.00 5.00 4.00 4.00 3.00 3.00 ];
reversals = [0 0 0 0 0 0 0 0 1 0 -1 0 0 0 0 0 0 0 0 0 1 -1 0 0 0 0 0 0 0 1 -1 0 0 0 0 1 0 -1 0 0 0 0 0 0 0 0 1 0 -1 0 1 0 -1 0 0 0 0 0 0 0 0 0 1 0 -1 0 0 0 0 0 0 ];
measures = [0 0 0 0 0 0 0 0 0 0 0 0 0 0 0 0 0 0 0 0 0 0 0 0 0 0 0 0 0 1 1 1 1 1 1 1 1 1 1 1 1 1 1 1 1 1 1 1 1 1 1 1 1 1 1 1 1 1 1 1 1 1 1 1 1 1 1 1 1 1 1 ];
presentations = [1 1 1 0 0 1 0 0 1 0 1 0 1 1 0 1 0 1 0 1 1 1 0 0 1 1 1 1 0 1 1 0 0 1 1 1 0 1 0 1 1 0 0 0 1 1 1 0 1 1 1 0 1 1 0 1 0 1 1 0 0 1 1 0 1 0 1 0 1 0 1 ];
answers = [1 1 1 0 0 1 0 0 0 0 1 0 1 1 0 1 0 1 0 1 0 1 0 0 1 1 1 1 0 0 1 0 0 1 1 0 0 1 0 1 1 0 0 0 1 1 0 0 1 1 0 1 1 1 0 1 0 1 1 0 0 1 0 0 1 0 1 0 1 0 1 ];
adjustments = [-4 -4 -4 0 0 -4 0 0 12 0 -4 0 -2 -2 0 -2 0 -2 0 -2 6 -1 0 0 -1 -1 -1 -1 0 3 -1 0 0 -1 -1 3 0 -1 0 -1 -1 0 0 0 -1 -1 3 0 -1 -1 3 4 -1 -1 0 -1 0 -1 -1 0 0 -1 3 0 -1 0 -1 0 -1 0 -1 ];
offsets = [1770289 2226173 2628135 2375600 52891 2581865 5207186 2259884 4209366 4557172 4282226 3521840 3960503 4002535 1708257 897976 1567774 3845940 4348093 1239556 3866191 2090459 2645005 1052620 1439005 1925044 2609480 4412815 4708834 4371070 2284607 2150850 4317307 474059 2053420 4205599 4387628 2437470 2713000 3294614 3081871 391610 4615120 2253608 3530669 4030688 4782291 5172240 1275290 3496449 3096379 5209077 2923564 3922783 1426167 4705441 1049125 1170553 2280324 2542771 910251 4841623 3094966 2814781 2680572 399171 1314673 146734 5048057 2844262 1608906 ];

