# config: "EMA:1.1.0-APPP,ID:listener17-r,SETUP:KK1,SOUNDDEVICE:USB,SOUNDSTREAM:0,SOUNDCHANNELS:1,2"
target=0.75;minreversals=14;discardreversals=4;minmeasures=25;startvalue=20.00;steps=[4  4  2  1];
threshold = [-3.50 ];
values = [20.00 16.00 12.00 8.00 4.00 0.00 0.00 0.00 -4.00 8.00 4.00 4.00 2.00 0.00 0.00 0.00 -2.00 -4.00 -6.00 0.00 0.00 0.00 0.00 -1.00 -2.00 -3.00 -4.00 -5.00 -6.00 -3.00 -4.00 -4.00 -5.00 -6.00 -6.00 -3.00 -3.00 -4.00 -4.00 -5.00 -5.00 -6.00 -3.00 -3.00 -3.00 -3.00 0.00 -1.00 -2.00 -3.00 -3.00 -4.00 -4.00 -1.00 -1.00 -1.00 -1.00 -2.00 -3.00 -3.00 -4.00 -5.00 -6.00 -6.00 -7.00 -7.00 -4.00 -1.00 -2.00 -2.00 ];
reversals = [0 0 0 0 0 0 0 0 1 -1 0 0 0 0 0 0 0 0 1 0 0 0 -1 0 0 0 0 0 1 -1 0 0 0 0 1 0 -1 0 0 0 0 1 0 0 0 0 -1 0 0 0 0 0 1 0 0 0 -1 0 0 0 0 0 0 0 0 1 0 -1 0 0 ];
measures = [0 0 0 0 0 0 0 0 0 0 0 0 0 0 0 0 0 0 0 0 0 0 0 0 0 0 0 0 1 1 1 1 1 1 1 1 1 1 1 1 1 1 1 1 1 1 1 1 1 1 1 1 1 1 1 1 1 1 1 1 1 1 1 1 1 1 1 1 1 1 ];
presentations = [1 1 1 1 1 0 0 1 1 1 0 1 1 0 0 1 1 1 1 0 0 0 1 1 1 1 1 1 1 1 0 1 1 0 1 0 1 0 1 0 1 1 0 0 0 1 1 1 1 0 1 0 1 0 0 0 1 1 0 1 1 1 0 1 0 1 1 1 0 1 ];
answers = [1 1 1 1 1 0 0 1 0 1 0 1 1 0 0 1 1 1 0 0 0 0 1 1 1 1 1 1 0 1 0 1 1 0 0 0 1 0 1 0 1 0 0 0 0 0 1 1 1 0 1 0 0 0 0 0 1 1 0 1 1 1 0 1 0 0 0 1 0 1 ];
adjustments = [-4 -4 -4 -4 -4 0 0 -4 12 -4 0 -2 -2 0 0 -2 -2 -2 6 0 0 0 -1 -1 -1 -1 -1 -1 3 -1 0 -1 -1 0 3 0 -1 0 -1 0 -1 3 0 0 0 3 -1 -1 -1 0 -1 0 3 0 0 0 -1 -1 0 -1 -1 -1 0 -1 0 3 3 -1 0 -1 ];
offsets = [1404452 4423900 3911541 4715095 4068769 1569670 4944395 672176 4253116 2717615 1048064 1054830 1837996 3590657 1294760 5023314 3626939 1735693 2896235 1359826 2914693 1346170 5208648 3489173 1042021 1241589 2791294 2088529 3984180 4583896 1263186 5244050 3609762 3876401 3863136 4798711 555540 272586 4101611 3215346 376697 4964799 1963314 2141111 200601 938713 3034345 1045537 3192492 2105548 3914843 5039585 3656044 173808 1767134 50945 1410096 4922860 4792551 1891042 3337857 2644193 2264314 3056632 3469313 325324 2346786 3675418 3148930 1016984 ];

