# config: "EMA:1.1.0-APPP,ID:listener17-r,SETUP:KK1,SOUNDDEVICE:USB,SOUNDSTREAM:0,SOUNDCHANNELS:1,2"
target=0.75;minreversals=14;discardreversals=4;minmeasures=25;startvalue=20.00;steps=[4  4  2  1];
threshold = [4.50 ];
values = [20.00 16.00 12.00 8.00 4.00 4.00 4.00 4.00 4.00 4.00 4.00 4.00 16.00 16.00 16.00 16.00 12.00 10.00 8.00 8.00 6.00 6.00 4.00 2.00 2.00 2.00 0.00 6.00 5.00 4.00 4.00 4.00 4.00 3.00 3.00 6.00 10.00 9.00 9.00 8.00 8.00 8.00 7.00 6.00 5.00 4.00 7.00 7.00 6.00 5.00 4.00 4.00 3.00 2.00 5.00 4.00 3.00 2.00 5.00 5.00 5.00 8.00 8.00 8.00 7.00 7.00 7.00 7.00 6.00 6.00 6.00 5.00 4.00 7.00 7.00 ];
reversals = [0 0 0 0 0 0 0 0 0 0 0 1 0 0 0 -1 0 0 0 0 0 0 0 0 0 0 1 -1 0 0 0 0 0 0 1 0 -1 0 0 0 0 0 0 0 0 1 0 -1 0 0 0 0 0 1 -1 0 0 1 0 0 0 0 0 -1 0 0 0 0 0 0 0 0 1 0 -1 ];
measures = [0 0 0 0 0 0 0 0 0 0 0 0 0 0 0 0 0 0 0 0 0 0 0 0 0 0 0 0 0 0 0 0 0 0 1 1 1 1 1 1 1 1 1 1 1 1 1 1 1 1 1 1 1 1 1 1 1 1 1 1 1 1 1 1 1 1 1 1 1 1 1 1 1 1 1 ];
presentations = [1 1 1 1 0 0 0 0 0 0 0 1 0 0 0 1 1 1 0 1 0 1 1 0 0 1 1 1 1 0 0 0 1 0 1 0 1 0 1 0 0 1 1 1 1 1 0 1 1 1 0 1 1 1 1 1 1 1 0 0 1 0 0 1 0 0 0 1 0 0 1 1 1 0 1 ];
answers = [1 1 1 1 0 0 0 0 0 0 0 0 0 0 0 1 1 1 0 1 0 1 1 0 0 1 0 1 1 0 0 0 1 0 0 1 1 0 1 0 0 1 1 1 1 0 0 1 1 1 0 1 1 0 1 1 1 0 0 0 0 0 0 1 0 0 0 1 0 0 1 1 0 0 1 ];
adjustments = [-4 -4 -4 -4 0 0 0 0 0 0 0 12 0 0 0 -4 -2 -2 0 -2 0 -2 -2 0 0 -2 6 -1 -1 0 0 0 -1 0 3 4 -1 0 -1 0 0 -1 -1 -1 -1 3 0 -1 -1 -1 0 -1 -1 3 -1 -1 -1 3 0 0 3 0 0 -1 0 0 0 -1 0 0 -1 -1 3 0 -1 ];
offsets = [4239964 1565513 221608 2679230 116969 2504081 3920553 4939071 1539966 1877518 2842838 3602568 924758 2245204 2712552 1320834 690312 1402713 5118659 2904836 5165438 1596118 432045 4633335 2778400 2881597 1941246 3738584 2154006 3140062 2834621 1277582 2178300 1142945 4841664 4784425 75593 5099348 5236566 2511574 2268506 4636334 1004815 4548886 4180392 2609448 1656813 3727378 1557518 1811088 5131027 3843859 2230855 416889 4950062 84001 4289539 322686 745752 3936408 1809201 2966633 4040769 292948 707854 2942892 1063379 1868855 1125065 803690 1519219 2529637 3642821 541305 936810 ];

