# config: "EMA:1.1.0-APPP,ID:listener17-r,SETUP:KK1,SOUNDDEVICE:USB,SOUNDSTREAM:0,SOUNDCHANNELS:1,2"
target=0.75;minreversals=14;discardreversals=4;minmeasures=25;startvalue=20.00;steps=[4  4  2  1];
threshold = [-2.00 ];
values = [20.00 16.00 12.00 8.00 4.00 0.00 0.00 0.00 0.00 0.00 12.00 12.00 8.00 8.00 8.00 8.00 6.00 4.00 2.00 0.00 0.00 0.00 -2.00 -4.00 -4.00 -4.00 -4.00 -4.00 -6.00 0.00 0.00 0.00 -1.00 -2.00 -3.00 -3.00 -4.00 -5.00 -2.00 -2.00 -2.00 -3.00 0.00 0.00 0.00 0.00 -1.00 -1.00 -2.00 -2.00 -2.00 -3.00 -4.00 -1.00 -2.00 -3.00 0.00 -1.00 -2.00 -2.00 -2.00 -2.00 -2.00 -3.00 0.00 -1.00 -2.00 1.00 0.00 0.00 0.00 -1.00 -1.00 -1.00 -2.00 -2.00 -2.00 -3.00 -3.00 0.00 -1.00 -1.00 -1.00 ];
reversals = [0 0 0 0 0 0 0 0 0 1 0 -1 0 0 0 0 0 0 0 0 0 0 0 0 0 0 0 0 1 0 0 -1 0 0 0 0 0 1 0 0 -1 1 0 0 0 -1 0 0 0 0 0 0 1 -1 0 1 -1 0 0 0 0 0 0 1 -1 0 1 -1 0 0 0 0 0 0 0 0 0 0 1 -1 0 0 0 ];
measures = [0 0 0 0 0 0 0 0 0 0 0 0 0 0 0 0 0 0 0 0 0 0 0 0 0 0 0 0 0 0 0 0 0 0 0 0 0 1 1 1 1 1 1 1 1 1 1 1 1 1 1 1 1 1 1 1 1 1 1 1 1 1 1 1 1 1 1 1 1 1 1 1 1 1 1 1 1 1 1 1 1 1 1 ];
presentations = [1 1 1 1 1 0 0 0 0 1 0 1 0 0 0 1 1 1 1 0 0 1 1 0 0 0 0 1 1 0 0 1 1 1 0 1 1 1 0 0 1 1 0 0 0 1 0 1 0 0 1 1 1 1 1 1 1 1 0 0 0 0 1 1 1 1 1 1 0 0 1 0 0 1 0 0 1 0 1 1 0 0 1 ];
answers = [1 1 1 1 1 0 0 0 0 0 0 1 0 0 0 1 1 1 1 0 0 1 1 0 0 0 0 1 0 0 0 1 1 1 0 1 1 0 0 0 1 0 0 0 0 1 0 1 0 0 1 1 0 1 1 0 1 1 0 0 0 0 1 0 1 1 0 1 0 0 1 0 0 1 0 0 1 0 0 1 0 0 1 ];
adjustments = [-4 -4 -4 -4 -4 0 0 0 0 12 0 -4 0 0 0 -2 -2 -2 -2 0 0 -2 -2 0 0 0 0 -2 6 0 0 -1 -1 -1 0 -1 -1 3 0 0 -1 3 0 0 0 -1 0 -1 0 0 -1 -1 3 -1 -1 3 -1 -1 0 0 0 0 -1 3 -1 -1 3 -1 0 0 -1 0 0 -1 0 0 -1 0 3 -1 0 0 -1 ];
offsets = [1871755 2973423 1155675 1929296 4897541 2838244 1521872 4401482 1935068 31032 5008937 3731738 3383401 1867385 1772366 2041614 530134 3652284 2677993 192167 4110856 1965956 3175359 2801797 3272419 3490120 730306 4857156 3864420 1348619 1051962 3537296 4912993 482686 2651316 3954071 2124241 953489 227337 1875553 2695381 4459545 2371864 1290177 2722092 4073598 1179317 577996 3220247 604619 631521 4598443 2831859 206412 3037225 1793799 4264273 3223710 4859040 4884379 1478622 4804120 1932596 3397385 2826494 1362390 1999195 1681789 1408780 3795224 4188702 3577823 1604554 5162461 3528009 4181857 3811543 192056 1988808 3339524 3558663 2677516 4192141 ];

