# config: "EMA:1.1.0-APPP,ID:listener03-l,SETUP:KK1,SOUNDDEVICE:USB,SOUNDSTREAM:0,SOUNDCHANNELS:1,2"
target=0.50;discardreversals=2;startvalue=0.00;steps=[4  2  1];
threshold = [-5.00 ];
values = [0.00 2.00 -8.00 -11.00 -10.00 -7.50 -6.00 -5.50 -5.00 -4.50 -4.00 -5.50 -5.00 -5.50 -4.00 -4.50 -5.00 -4.50 -5.00 -5.50 ];
reversals = [0 -1 0 1 0 0 0 0 0 0 -1 1 -1 1 -1 0 1 -1 0 0 ];
measures = [0 0 0 0 0 0 0 0 0 0 1 1 1 1 1 1 1 1 1 1 ];
presentations = [1 2 3 4 5 6 7 8 9 10 11 12 13 14 15 16 17 18 19 20 ];
answers = [2 5 4 2 0 1 2 2 2 2 4 2 3 1 3 3 2 3 3 3 ];
adjustments = [2 -10 -3 1 2.5 1.5 0.5 0.5 0.5 0.5 -1.5 0.5 -0.5 1.5 -0.5 -0.5 0.5 -0.5 -0.5 -0.5 ];
sentences = {'69444' '33528' '70287' '44697' '08168' '77705' '54841' '36514' '21080' '11755' '45923' '87470' '12339' '06251' '50976' '22336' '85813' '98162' '93692' '69009' };
offsets = [7435448 1228867 6631440 6789427 6995383 5309713 9109958 8325796 1471590 7456886 8335124 9195929 4490475 1131293 4499787 7704226 7517898 9282342 6061525 6110429 ];

