# config: "EMA:1.1.0-APPP,ID:listener03-l,SETUP:KK1,SOUNDDEVICE:USB,SOUNDSTREAM:0,SOUNDCHANNELS:1,2"
target=0.50;discardreversals=2;startvalue=0.00;steps=[4  2  1];
threshold = [-13.75 ];
values = [0.00 -10.00 -16.00 -10.00 -15.00 -12.50 -10.00 -11.50 -14.00 -13.50 -13.00 -13.50 -13.00 -13.50 -15.00 -13.50 -13.00 -13.50 -15.00 -14.50 ];
reversals = [0 0 1 -1 1 0 -1 0 1 0 -1 1 -1 0 1 0 -1 0 1 -1 ];
measures = [0 0 0 0 1 1 1 1 1 1 1 1 1 1 1 1 1 1 1 1 ];
presentations = [1 2 3 4 5 6 7 8 9 10 11 12 13 14 15 16 17 18 19 20 ];
answers = [5 4 1 5 0 0 4 5 2 2 3 2 3 4 1 2 3 4 2 3 ];
adjustments = [-10 -6 6 -5 2.5 2.5 -1.5 -2.5 0.5 0.5 -0.5 0.5 -0.5 -1.5 1.5 0.5 -0.5 -1.5 0.5 -0.5 ];
sentences = {'37886' '48835' '82487' '51195' '90790' '89364' '44529' '15149' '90013' '59026' '66553' '02737' '77974' '23448' '24318' '03262' '31601' '76600' '68271' '15952' };
offsets = [4436517 5315588 6717251 2749324 2665084 1925504 6758575 5023445 887947 4992736 8766028 9049402 4008552 1438791 2150274 229671 2950520 7329316 8046712 7104838 ];

