# config: "EMA:1.1.0-APPP,ID:listener03-l,SETUP:KK1,SOUNDDEVICE:USB,SOUNDSTREAM:0,SOUNDCHANNELS:1,2"
target=0.50;discardreversals=2;startvalue=0.00;steps=[4  2  1];
threshold = [-41.75 ];
values = [0.00 -10.00 -20.00 -30.00 -40.00 -46.00 -36.00 -37.00 -38.50 -40.00 -42.50 -44.00 -41.50 -42.00 -41.50 -40.00 -42.50 -41.00 -41.50 -42.00 ];
reversals = [0 0 0 0 0 1 -1 0 0 0 0 1 -1 1 0 -1 1 -1 0 0 ];
measures = [0 0 0 0 0 0 0 0 0 0 0 1 1 1 1 1 1 1 1 1 ];
presentations = [1 2 3 4 5 6 7 8 9 10 11 12 13 14 15 16 17 18 19 20 ];
answers = [5 5 5 5 4 0 3 4 4 5 4 0 3 2 1 5 1 3 3 4 ];
adjustments = [-10 -10 -10 -10 -6 10 -1 -1.5 -1.5 -2.5 -1.5 2.5 -0.5 0.5 1.5 -2.5 1.5 -0.5 -0.5 -1.5 ];
sentences = {'22586' '16140' '87470' '03491' '36514' '74972' '45923' '70287' '11755' '22336' '41634' '69009' '68819' '30757' '08168' '87263' '99308' '54841' '93692' '55025' };
offsets = [6306522 6684511 6222521 3674762 3560999 6288916 3181297 3170276 6959139 6295823 4169048 552981 3195670 2634212 1531795 5933064 2995863 1184348 2355665 4171746 ];

