# config: "EMA:1.1.0-APPP,ID:listener03-l,SETUP:KK1,SOUNDDEVICE:USB,SOUNDSTREAM:0,SOUNDCHANNELS:1,2"
target=0.50;discardreversals=2;startvalue=0.00;steps=[4  2  1];
threshold = [-43.50 ];
values = [0.00 -10.00 -12.00 -22.00 -32.00 -42.00 -52.00 -42.00 -45.00 -43.50 -42.00 -43.50 -43.00 -43.50 -44.00 -44.50 -46.00 -48.50 -46.00 -43.50 ];
reversals = [0 0 0 0 0 0 1 -1 1 0 -1 1 -1 0 0 0 0 1 0 -1 ];
measures = [0 0 0 0 0 0 0 0 1 1 1 1 1 1 1 1 1 1 1 1 ];
presentations = [1 2 3 4 5 6 7 8 9 10 11 12 13 14 15 16 17 18 19 20 ];
answers = [5 3 5 5 5 5 0 4 1 1 4 2 3 3 3 4 5 0 0 3 ];
adjustments = [-10 -2 -10 -10 -10 -10 10 -3 1.5 1.5 -1.5 0.5 -0.5 -0.5 -0.5 -1.5 -2.5 2.5 2.5 -0.5 ];
sentences = {'44529' '89364' '76600' '02737' '18502' '68271' '94067' '05413' '15952' '80338' '67850' '90013' '39994' '51195' '23448' '37886' '26626' '72141' '51779' '43285' };
offsets = [7133139 5267481 2970557 2610747 2240277 6018135 3095805 677582 1210700 3961718 2840824 147157 1904373 6256674 3055058 669347 111339 5963424 5836530 2511638 ];

