# config: "EMA:1.1.0-APPP,ID:listener03-l,SETUP:KK1,SOUNDDEVICE:USB,SOUNDSTREAM:0,SOUNDCHANNELS:1,2"
target=0.50;discardreversals=2;startvalue=0.00;steps=[4  2  1];
threshold = [-13.50 ];
values = [0.00 -6.00 -12.00 -10.00 -9.00 -10.00 -11.50 -14.00 -11.50 -11.00 -12.50 -12.00 -14.50 -14.00 -14.50 -13.00 -13.50 -12.00 -11.50 -11.00 ];
reversals = [0 0 1 0 -1 0 0 1 0 -1 1 -1 1 -1 1 -1 1 0 0 0 ];
measures = [0 0 0 0 0 0 0 1 1 1 1 1 1 1 1 1 1 1 1 1 ];
presentations = [1 2 3 4 5 6 7 8 9 10 11 12 13 14 15 16 17 18 19 20 ];
answers = [4 4 2 2 3 4 5 0 2 4 2 5 2 3 1 3 1 2 2 2 ];
adjustments = [-6 -6 2 1 -1 -1.5 -2.5 2.5 0.5 -1.5 0.5 -2.5 0.5 -0.5 1.5 -0.5 1.5 0.5 0.5 0.5 ];
sentences = {'82487' '59026' '15149' '70287' '08168' '11755' '31601' '45923' '48835' '66553' '24318' '77974' '54841' '36514' '87470' '22336' '03262' '69009' '93692' '90790' };
offsets = [7373425 4265052 805896 179363 7773946 6686368 5323340 8240150 8129312 7362196 7843495 2053299 5046017 6260649 1247387 5217594 1129480 7044274 2859255 3400209 ];

