# config: "EMA:1.1.0-APPP,ID:listener03-l,SETUP:KK1,SOUNDDEVICE:USB,SOUNDSTREAM:0,SOUNDCHANNELS:1,2"
target=0.50;discardreversals=2;startvalue=0.00;steps=[4  2  1];
threshold = [-15.50 ];
values = [0.00 -10.00 -16.00 -22.00 -12.00 -17.00 -15.50 -14.00 -14.50 -17.00 -17.50 -17.00 -14.50 -13.00 -12.50 -11.00 -10.50 -12.00 -13.50 -15.00 ];
reversals = [0 0 0 1 -1 1 0 -1 0 0 1 0 0 0 0 0 -1 0 0 0 ];
measures = [0 0 0 0 0 1 1 1 1 1 1 1 1 1 1 1 1 1 1 1 ];
presentations = [1 2 3 4 5 6 7 8 9 10 11 12 13 14 15 16 17 18 19 20 ];
answers = [5 4 4 0 5 1 1 3 5 3 2 0 1 2 1 2 4 4 4 5 ];
adjustments = [-10 -6 -6 10 -5 1.5 1.5 -0.5 -2.5 -0.5 0.5 2.5 1.5 0.5 1.5 0.5 -1.5 -1.5 -1.5 -2.5 ];
sentences = {'77974' '59026' '31601' '15149' '66553' '90790' '16140' '55025' '03491' '22586' '30757' '74972' '68819' '48835' '99308' '41634' '82487' '03262' '87263' '24318' };
offsets = [714918 1913057 6091890 1782975 4544496 1230905 2845660 429221 2592834 5764233 3920461 4206538 3290058 7443644 1726998 8251973 2611808 2018854 4948186 3737150 ];

