# config: "EMA:1.1.0-APPP,ID:listener03-l,SETUP:KK1,SOUNDDEVICE:USB,SOUNDSTREAM:0,SOUNDCHANNELS:1,2"
target=0.50;discardreversals=2;startvalue=0.00;steps=[4  2  1];
threshold = [-14.50 ];
values = [0.00 -10.00 -12.00 -22.00 -12.00 -17.00 -15.50 -15.00 -13.50 -14.00 -12.50 -15.00 -14.50 -16.00 -14.50 -15.00 -15.50 -16.00 -17.50 -18.00 ];
reversals = [0 0 0 1 -1 1 0 0 -1 1 -1 1 -1 1 -1 0 0 0 0 1 ];
measures = [0 0 0 0 0 1 1 1 1 1 1 1 1 1 1 1 1 1 1 1 ];
presentations = [1 2 3 4 5 6 7 8 9 10 11 12 13 14 15 16 17 18 19 20 ];
answers = [5 3 5 0 5 1 2 1 3 1 5 2 4 1 3 3 3 4 3 2 ];
adjustments = [-10 -2 -10 10 -5 1.5 0.5 1.5 -0.5 1.5 -2.5 0.5 -1.5 1.5 -0.5 -0.5 -0.5 -1.5 -0.5 0.5 ];
sentences = {'74972' '76600' '55025' '03491' '22586' '44529' '68271' '90013' '99308' '16140' '37886' '89364' '87263' '68819' '23448' '02737' '30757' '41634' '15952' '51195' };
offsets = [1229616 6165390 4614362 6847142 2169793 3948014 784129 6247342 5537352 4169563 1286054 7010441 8034648 1032858 4767355 12861 7254356 4230295 4750711 331035 ];

