# config: "EMA:1.1.0-APPP,ID:listener03-l,SETUP:KK1,SOUNDDEVICE:USB,SOUNDSTREAM:0,SOUNDCHANNELS:1,2"
target=0.50;discardreversals=2;startvalue=0.00;steps=[4  2  1];
threshold = [-2.75 ];
values = [0.00 -2.00 -4.00 -2.00 1.00 0.00 -1.50 -2.00 -1.50 -1.00 -2.50 -5.00 -5.50 -4.00 -4.50 -3.00 -1.50 -3.00 -3.50 -1.00 ];
reversals = [0 0 1 0 -1 0 0 1 0 -1 0 0 1 -1 1 0 -1 0 1 -1 ];
measures = [0 0 0 0 0 0 0 1 1 1 1 1 1 1 1 1 1 1 1 1 ];
presentations = [1 2 3 4 5 6 7 8 9 10 11 12 13 14 15 16 17 18 19 20 ];
answers = [3 3 2 1 3 4 3 2 2 4 5 3 1 3 1 1 4 3 0 4 ];
adjustments = [-2 -2 2 3 -1 -1.5 -0.5 0.5 0.5 -1.5 -2.5 -0.5 1.5 -0.5 1.5 1.5 -1.5 -0.5 2.5 -1.5 ];
sentences = {'95162' '51417' '45923' '87470' '93692' '10681' '46393' '11755' '54841' '22336' '78835' '82009' '29744' '63558' '08168' '34226' '69009' '70287' '07970' '36514' };
offsets = [2656580 6803010 2234896 8529661 4591204 1209562 1540489 1962211 4186392 2765016 2263763 4856683 7529440 6641127 1597330 674184 7750774 1087453 725667 42980 ];

