# config: "EMA:1.1.0-APPP,ID:listener03-l,SETUP:KK1,SOUNDDEVICE:USB,SOUNDSTREAM:0,SOUNDCHANNELS:1,2"
target=0.50;discardreversals=2;startvalue=0.00;steps=[4  2  1];
threshold = [-7.25 ];
values = [0.00 -6.00 -12.00 -2.00 -5.00 -6.50 -9.00 -6.50 -8.00 -9.50 -8.00 -6.50 -8.00 -6.50 -6.00 -7.50 -7.00 -8.50 -6.00 -6.50 ];
reversals = [0 0 1 -1 0 0 1 -1 0 1 0 -1 1 0 -1 1 -1 1 -1 0 ];
measures = [0 0 0 0 0 0 1 1 1 1 1 1 1 1 1 1 1 1 1 1 ];
presentations = [1 2 3 4 5 6 7 8 9 10 11 12 13 14 15 16 17 18 19 20 ];
answers = [4 4 0 4 4 5 0 4 4 1 1 4 1 2 4 2 4 0 3 3 ];
adjustments = [-6 -6 10 -3 -1.5 -2.5 2.5 -1.5 -1.5 1.5 1.5 -1.5 1.5 0.5 -1.5 0.5 -1.5 2.5 -0.5 -0.5 ];
sentences = {'87713' '54841' '22336' '36514' '87470' '48832' '03676' '11755' '08168' '35209' '69009' '70565' '52988' '29394' '45923' '70287' '14040' '91451' '93692' '66127' };
offsets = [7600572 3597488 6680223 8440983 8834849 4850802 7507869 5838413 7579223 2455388 4111935 3315159 7679797 5153111 5204438 3513411 9764166 8789080 91170 8543496 ];

