# config: "EMA:1.1.0-APPP,ID:listener03-l,SETUP:KK1,SOUNDDEVICE:USB,SOUNDSTREAM:0,SOUNDCHANNELS:1,2"
target=0.50;discardreversals=2;startvalue=0.00;steps=[4  2  1];
threshold = [-39.00 ];
values = [0.00 -10.00 -20.00 -30.00 -36.00 -46.00 -36.00 -39.00 -37.50 -39.00 -40.50 -41.00 -42.50 -40.00 -38.50 -41.00 -39.50 -39.00 -38.50 -40.00 ];
reversals = [0 0 0 0 0 1 -1 1 -1 0 0 0 1 0 -1 1 0 0 -1 1 ];
measures = [0 0 0 0 0 0 0 1 1 1 1 1 1 1 1 1 1 1 1 1 ];
presentations = [1 2 3 4 5 6 7 8 9 10 11 12 13 14 15 16 17 18 19 20 ];
answers = [5 5 5 4 5 0 4 1 4 4 3 4 0 1 5 1 2 2 4 2 ];
adjustments = [-10 -10 -10 -6 -10 10 -3 1.5 -1.5 -1.5 -0.5 -1.5 2.5 1.5 -2.5 1.5 0.5 0.5 -1.5 0.5 ];
sentences = {'67850' '03262' '51779' '39994' '18502' '59026' '90790' '26626' '80338' '31601' '05413' '77974' '94067' '66553' '82487' '43285' '24318' '15149' '48835' '72141' };
offsets = [3975375 4702242 1743507 5417003 4546494 4762535 1557447 4436809 7446886 162316 4189480 2239712 1757927 5345509 5662220 725879 3299053 2627332 3640692 6222372 ];

