# config: "EMA:1.1.0-APPP,ID:listener03-l,SETUP:KK1,SOUNDDEVICE:USB,SOUNDSTREAM:0,SOUNDCHANNELS:1,2"
target=0.50;discardreversals=2;startvalue=0.00;steps=[4  2  1];
threshold = [-7.50 ];
values = [0.00 -6.00 -8.00 -6.00 -5.00 -2.00 -5.00 -6.50 -9.00 -8.50 -8.00 -6.50 -6.00 -7.50 -6.00 -6.50 -9.00 -9.50 -7.00 -5.50 ];
reversals = [0 0 1 0 0 -1 0 0 1 0 0 0 -1 1 -1 0 0 1 0 0 ];
measures = [0 0 0 0 0 0 0 0 1 1 1 1 1 1 1 1 1 1 1 1 ];
presentations = [1 2 3 4 5 6 7 8 9 10 11 12 13 14 15 16 17 18 19 20 ];
answers = [4 3 2 2 1 4 4 5 2 2 1 2 4 1 3 5 3 0 1 2 ];
adjustments = [-6 -2 2 1 3 -3 -1.5 -2.5 0.5 0.5 1.5 0.5 -1.5 1.5 -0.5 -2.5 -0.5 2.5 1.5 0.5 ];
sentences = {'87713' '67850' '72141' '35209' '26626' '66127' '80338' '43285' '91451' '03676' '51779' '05413' '52988' '18502' '94067' '48832' '70565' '29394' '39994' '14040' };
offsets = [6323956 7240612 4664319 1631913 6508312 5173591 6579995 4313966 4228718 2371975 2380360 2665299 8990891 8572209 776220 541206 3507418 6693779 9238807 7068050 ];

