# config: "EMA:1.1.0-APPP,ID:listener03-l,SETUP:KK1,SOUNDDEVICE:USB,SOUNDSTREAM:0,SOUNDCHANNELS:1,2"
target=0.50;discardreversals=2;startvalue=0.00;steps=[4  2  1];
threshold = [-7.25 ];
values = [0.00 -10.00 0.00 -5.00 -7.50 -8.00 -9.50 -7.00 -7.50 -9.00 -9.50 -10.00 -8.50 -7.00 -5.50 -5.00 -7.50 -6.00 -7.50 -6.00 ];
reversals = [0 1 -1 0 0 0 1 -1 0 0 0 1 0 0 0 -1 1 -1 1 -1 ];
measures = [0 0 0 0 0 0 1 1 1 1 1 1 1 1 1 1 1 1 1 1 ];
presentations = [1 2 3 4 5 6 7 8 9 10 11 12 13 14 15 16 17 18 19 20 ];
answers = [5 0 5 5 3 4 0 3 4 3 3 1 1 1 2 5 1 4 1 4 ];
adjustments = [-10 10 -5 -2.5 -0.5 -1.5 2.5 -0.5 -1.5 -0.5 -0.5 1.5 1.5 1.5 0.5 -2.5 1.5 -1.5 1.5 -1.5 ];
sentences = {'35209' '89364' '70565' '66127' '90013' '48832' '03676' '14040' '15952' '76600' '51195' '44529' '37886' '68271' '29394' '52988' '91451' '23448' '87713' '02737' };
offsets = [1897348 7111813 2082827 6289836 5704366 213523 3977641 7363567 2745806 4096062 2243003 2447423 417937 5525988 7916327 1893170 6771394 6528193 2292994 2471605 ];

