# config: "EMA:1.1.0-APPP,ID:listener03-l,SETUP:KK1,SOUNDDEVICE:USB,SOUNDSTREAM:0,SOUNDCHANNELS:1,2"
target=0.50;discardreversals=2;startvalue=0.00;steps=[4  2  1];
threshold = [-32.25 ];
values = [0.00 -10.00 -20.00 -30.00 -36.00 -26.00 -31.00 -32.50 -32.00 -32.50 -33.00 -31.50 -31.00 -32.50 -31.00 -33.50 -33.00 -30.50 -31.00 -32.50 ];
reversals = [0 0 0 0 1 -1 0 1 -1 0 1 0 -1 1 -1 1 0 -1 0 0 ];
measures = [0 0 0 0 0 0 0 1 1 1 1 1 1 1 1 1 1 1 1 1 ];
presentations = [1 2 3 4 5 6 7 8 9 10 11 12 13 14 15 16 17 18 19 20 ];
answers = [5 5 5 4 0 5 4 2 3 3 1 2 4 1 5 2 0 3 4 3 ];
adjustments = [-10 -10 -10 -6 10 -5 -1.5 0.5 -0.5 -0.5 1.5 0.5 -1.5 1.5 -2.5 0.5 2.5 -0.5 -1.5 -0.5 ];
sentences = {'76802' '37886' '02737' '18314' '47048' '15952' '23448' '95569' '89135' '68271' '90013' '89364' '51195' '33980' '76600' '00456' '44529' '61793' '52277' '24621' };
offsets = [5622006 5421495 5949940 1821908 4447870 2884678 7233562 4785979 3246701 832910 6056035 1906075 4185683 4561592 6284770 1605486 801033 7266943 5987372 7412183 ];

