# config: "EMA:1.1.0-APPP,ID:listener03-l,SETUP:KK1,SOUNDDEVICE:USB,SOUNDSTREAM:0,SOUNDCHANNELS:1,2"
target=0.50;discardreversals=2;startvalue=0.00;steps=[4  2  1];
threshold = [-6.00 ];
values = [0.00 -10.00 0.00 -5.00 -4.50 -7.00 -4.50 -7.00 -9.50 -9.00 -7.50 -6.00 -7.50 -8.00 -8.50 -8.00 -7.50 -6.00 -6.50 -8.00 ];
reversals = [0 1 -1 1 -1 1 -1 0 1 0 0 -1 0 0 1 0 0 -1 0 1 ];
measures = [0 0 0 1 1 1 1 1 1 1 1 1 1 1 1 1 1 1 1 1 ];
presentations = [1 2 3 4 5 6 7 8 9 10 11 12 13 14 15 16 17 18 19 20 ];
answers = [5 0 5 2 5 0 5 5 2 1 1 4 3 3 2 2 1 3 4 2 ];
adjustments = [-10 10 -5 0.5 -2.5 2.5 -2.5 -2.5 0.5 1.5 1.5 -1.5 -0.5 -0.5 0.5 0.5 1.5 -0.5 -1.5 0.5 ];
sentences = {'50976' '98162' '33980' '69444' '47048' '00456' '24621' '44697' '06251' '61793' '89135' '21080' '77705' '76802' '33528' '18314' '12339' '95569' '52277' '85813' };
offsets = [719239 5000592 8483016 559265 1659040 2955028 7978159 4410395 3796848 5670956 6652585 6120819 2808026 6195521 8429032 7692453 7796498 1039521 2943180 4296604 ];

