# config: "EMA:1.1.0-APPP,ID:listener03-l,SETUP:KK1,SOUNDDEVICE:USB,SOUNDSTREAM:0,SOUNDCHANNELS:1,2"
target=0.50;discardreversals=2;startvalue=0.00;steps=[4  2  1];
threshold = [-14.50 ];
values = [0.00 -6.00 -16.00 -10.00 -13.00 -13.50 -16.00 -14.50 -15.00 -13.50 -15.00 -13.50 -16.00 -14.50 -14.00 -14.50 -16.00 -15.50 -14.00 -14.50 ];
reversals = [0 0 1 -1 0 0 1 -1 1 -1 1 -1 1 0 -1 0 1 0 -1 1 ];
measures = [0 0 0 0 0 0 1 1 1 1 1 1 1 1 1 1 1 1 1 1 ];
presentations = [1 2 3 4 5 6 7 8 9 10 11 12 13 14 15 16 17 18 19 20 ];
answers = [4 5 1 4 3 5 1 3 1 4 1 5 1 2 3 4 2 1 3 0 ];
adjustments = [-6 -10 6 -3 -0.5 -2.5 1.5 -0.5 1.5 -1.5 1.5 -2.5 1.5 0.5 -0.5 -1.5 0.5 1.5 -0.5 2.5 ];
sentences = {'76600' '23448' '68271' '10681' '51195' '37886' '34226' '15952' '89364' '78835' '90013' '51417' '29744' '07970' '46393' '95162' '63558' '44529' '02737' '82009' };
offsets = [3071217 3725503 4894061 6244388 1996721 5096584 6746788 8422345 3870041 8124473 6589948 5708478 8008383 6737543 4116119 2072080 2188339 2758415 8521843 6724726 ];

