# config: "EMA:1.1.0-APPP,ID:listener03-l,SETUP:KK1,SOUNDDEVICE:USB,SOUNDSTREAM:0,SOUNDCHANNELS:1,2"
target=0.75;minreversals=14;discardreversals=4;minmeasures=25;startvalue=20.00;steps=[4  4  2  1];
threshold = [-3.00 ];
values = [20.00 16.00 12.00 8.00 8.00 8.00 4.00 0.00 -4.00 -8.00 -8.00 -8.00 4.00 4.00 0.00 -2.00 -4.00 -4.00 -6.00 0.00 0.00 0.00 0.00 -1.00 -2.00 -2.00 -2.00 -3.00 -3.00 -3.00 -3.00 -3.00 -4.00 -1.00 -2.00 -3.00 -3.00 -4.00 -5.00 -5.00 -5.00 -5.00 -6.00 -6.00 -6.00 -6.00 -6.00 -6.00 -3.00 -3.00 -4.00 -5.00 -5.00 -2.00 -3.00 -4.00 -4.00 -5.00 -6.00 -3.00 -4.00 -1.00 -1.00 -2.00 1.00 0.00 -1.00 -1.00 -2.00 -3.00 -3.00 -4.00 ];
reversals = [0 0 0 0 0 0 0 0 0 0 0 1 0 -1 0 0 0 0 1 0 0 0 -1 0 0 0 0 0 0 0 0 0 1 -1 0 0 0 0 0 0 0 0 0 0 0 0 0 1 0 -1 0 0 1 -1 0 0 0 0 1 -1 1 0 -1 1 -1 0 0 0 0 0 0 0 ];
measures = [0 0 0 0 0 0 0 0 0 0 0 0 0 0 0 0 0 0 0 0 0 0 0 0 0 0 0 0 0 0 0 0 1 1 1 1 1 1 1 1 1 1 1 1 1 1 1 1 1 1 1 1 1 1 1 1 1 1 1 1 1 1 1 1 1 1 1 1 1 1 1 1 ];
presentations = [1 1 1 0 0 1 1 1 1 0 0 1 0 1 1 1 0 1 1 0 0 0 1 1 0 0 1 0 0 0 0 1 1 1 1 0 1 1 0 0 0 1 0 0 0 0 0 1 0 1 1 0 1 1 1 0 1 1 1 1 1 0 1 1 1 1 0 1 1 0 1 1 ];
answers = [1 1 1 0 0 1 1 1 1 0 0 0 0 1 1 1 0 1 0 0 0 0 1 1 0 0 1 0 0 0 0 1 0 1 1 0 1 1 0 0 0 1 0 0 0 0 0 0 0 1 1 0 0 1 1 0 1 1 0 1 0 0 1 0 1 1 0 1 1 0 1 1 ];
adjustments = [-4 -4 -4 0 0 -4 -4 -4 -4 0 0 12 0 -4 -2 -2 0 -2 6 0 0 0 -1 -1 0 0 -1 0 0 0 0 -1 3 -1 -1 0 -1 -1 0 0 0 -1 0 0 0 0 0 3 0 -1 -1 0 3 -1 -1 0 -1 -1 3 -1 3 0 -1 3 -1 -1 0 -1 -1 0 -1 -1 ];
offsets = [3384054 4520229 208079 1425621 2273029 1319818 4430416 2441156 3740588 1927316 2264937 4851255 99944 801235 3255188 3642327 4754285 2124900 1630061 676115 4056830 5051059 4296470 653888 369851 4321779 1828153 2863206 1792551 3349575 4130930 2761302 2213036 1995108 4539861 3667269 4878334 4596911 548233 3636994 601749 3852992 842163 1075219 823939 3306145 1462006 1150466 3134662 1253267 1416104 3245798 700923 3851482 5201251 3860614 2268362 4430866 1386409 3340615 3019922 4806246 4570152 1517565 745747 4907419 1895042 167031 1237806 3474634 551487 2929842 ];

