# config: "EMA:1.1.0-APPP,ID:listener03-l,SETUP:KK1,SOUNDDEVICE:USB,SOUNDSTREAM:0,SOUNDCHANNELS:1,2"
target=0.75;minreversals=14;discardreversals=4;minmeasures=25;startvalue=20.00;steps=[4  4  2  1];
threshold = [2.50 ];
values = [20.00 16.00 12.00 8.00 4.00 0.00 -4.00 -4.00 8.00 8.00 8.00 8.00 8.00 8.00 8.00 8.00 8.00 4.00 4.00 2.00 2.00 2.00 2.00 2.00 0.00 0.00 -2.00 -2.00 -4.00 -4.00 2.00 1.00 0.00 3.00 3.00 3.00 3.00 2.00 2.00 2.00 1.00 0.00 -1.00 -1.00 -2.00 1.00 0.00 0.00 0.00 0.00 -1.00 -1.00 3.00 2.00 1.00 0.00 -1.00 -1.00 -1.00 -2.00 -2.00 2.00 6.00 5.00 5.00 4.00 3.00 3.00 2.00 2.00 6.00 6.00 6.00 5.00 4.00 3.00 7.00 7.00 6.00 5.00 4.00 4.00 ];
reversals = [0 0 0 0 0 0 0 1 0 0 0 0 0 0 0 0 -1 0 0 0 0 0 0 0 0 0 0 0 0 1 -1 0 1 0 0 0 -1 0 0 0 0 0 0 0 1 -1 0 0 0 0 0 1 -1 0 0 0 0 0 0 0 1 0 -1 0 0 0 0 0 0 1 0 0 -1 0 0 1 0 -1 0 0 0 0 ];
measures = [0 0 0 0 0 0 0 0 0 0 0 0 0 0 0 0 0 0 0 0 0 0 0 0 0 0 0 0 0 0 0 0 1 1 1 1 1 1 1 1 1 1 1 1 1 1 1 1 1 1 1 1 1 1 1 1 1 1 1 1 1 1 1 1 1 1 1 1 1 1 1 1 1 1 1 1 1 1 1 1 1 1 ];
presentations = [1 1 1 1 1 1 0 1 0 0 0 0 0 0 0 0 1 0 1 0 0 0 0 1 0 1 0 1 0 1 1 1 1 0 0 0 1 0 0 1 1 1 0 1 1 1 0 0 0 1 0 0 1 1 1 1 0 0 1 0 0 0 1 0 1 1 0 1 0 0 0 0 1 1 1 0 0 1 1 1 0 1 ];
answers = [1 1 1 1 1 1 0 0 0 0 0 0 0 0 0 0 1 0 1 0 0 0 0 1 0 1 0 1 0 0 1 1 0 0 0 0 1 0 0 1 1 1 0 1 0 1 0 0 0 1 0 1 1 1 1 1 0 0 1 0 1 1 1 0 1 1 0 1 0 1 0 0 1 1 1 1 0 1 1 1 0 1 ];
adjustments = [-4 -4 -4 -4 -4 -4 0 12 0 0 0 0 0 0 0 0 -4 0 -2 0 0 0 0 -2 0 -2 0 -2 0 6 -1 -1 3 0 0 0 -1 0 0 -1 -1 -1 0 -1 3 -1 0 0 0 -1 0 4 -1 -1 -1 -1 0 0 -1 0 4 4 -1 0 -1 -1 0 -1 0 4 0 0 -1 -1 -1 4 0 -1 -1 -1 0 -1 ];
offsets = [2330304 3337466 954532 641832 453800 356911 925426 1956344 1067144 1675637 3219808 1630909 3105107 2379923 4208384 3058051 3236103 1591393 4997635 2952259 2000294 5147446 3035030 2578714 1019461 615358 5223384 1752224 1909316 416119 5242701 3103706 10161 352265 1511981 931434 3707994 152474 2178560 3754660 4790538 1588643 1400792 1315660 5218919 1640146 138008 4400659 2942965 3533516 2873490 2253649 4695539 21114 3958189 4007257 4119950 3064551 3530213 3243324 202644 2594778 3432814 1286471 724989 3302054 3885781 4029164 4575719 380375 2606496 2257222 1883637 5145305 2205000 3540780 3943905 1204072 459143 606200 1770140 2918682 ];

