# config: "EMA:1.1.0-APPP,ID:listener03-l,SETUP:KK1,SOUNDDEVICE:USB,SOUNDSTREAM:0,SOUNDCHANNELS:1,2"
target=0.75;minreversals=14;discardreversals=4;minmeasures=25;startvalue=20.00;steps=[4  4  2  1];
threshold = [5.50 ];
values = [20.00 16.00 12.00 8.00 8.00 4.00 4.00 0.00 12.00 12.00 8.00 8.00 6.00 6.00 6.00 6.00 6.00 4.00 10.00 9.00 8.00 8.00 8.00 7.00 7.00 6.00 6.00 5.00 5.00 4.00 3.00 3.00 3.00 3.00 6.00 6.00 6.00 6.00 5.00 5.00 4.00 7.00 7.00 6.00 5.00 4.00 3.00 3.00 6.00 5.00 4.00 4.00 4.00 4.00 3.00 3.00 3.00 6.00 6.00 6.00 5.00 8.00 11.00 14.00 17.00 21.00 20.00 19.00 18.00 17.00 16.00 15.00 15.00 ];
reversals = [0 0 0 0 0 0 0 1 0 -1 0 0 0 0 0 0 0 1 -1 0 0 0 0 0 0 0 0 0 0 0 0 0 0 1 0 0 0 -1 0 0 1 0 -1 0 0 0 0 1 -1 0 0 0 0 0 0 0 1 0 0 -1 1 0 0 0 0 -1 0 0 0 0 0 0 0 ];
measures = [0 0 0 0 0 0 0 0 0 0 0 0 0 0 0 0 0 0 0 0 0 0 0 0 0 0 0 0 0 0 0 0 0 1 1 1 1 1 1 1 1 1 1 1 1 1 1 1 1 1 1 1 1 1 1 1 1 1 1 1 1 1 1 1 1 1 1 1 1 1 1 1 1 ];
presentations = [1 1 1 0 1 0 1 1 0 1 0 1 0 0 0 0 1 1 1 1 0 0 1 0 1 0 1 0 1 1 0 0 0 1 0 0 0 1 0 1 1 0 1 1 1 1 0 1 1 1 0 0 0 1 0 0 1 0 0 1 1 1 1 1 0 1 1 1 1 1 1 0 1 ];
answers = [1 1 1 0 1 0 1 0 0 1 0 1 0 0 0 0 1 0 1 1 0 0 1 0 1 0 1 0 1 1 0 0 0 0 0 0 0 1 0 1 0 0 1 1 1 1 0 0 1 1 0 0 0 1 0 0 0 0 0 1 0 0 0 0 1 1 1 1 1 1 1 0 1 ];
adjustments = [-4 -4 -4 0 -4 0 -4 12 0 -4 0 -2 0 0 0 0 -2 6 -1 -1 0 0 -1 0 -1 0 -1 0 -1 -1 0 0 0 3 0 0 0 -1 0 -1 3 0 -1 -1 -1 -1 0 3 -1 -1 0 0 0 -1 0 0 3 0 0 -1 3 3 3 3 4 -1 -1 -1 -1 -1 -1 0 -1 ];
offsets = [4758352 3347530 3773673 2298023 2825773 4752285 4803764 3280993 4789382 401481 3242245 5243466 4570842 664024 1207977 118120 2115672 4442628 4077950 93327 935103 732145 4011572 1309148 118131 2843167 1380760 534407 3262624 4152681 772166 2421317 5144617 1472083 5162612 526790 743771 2835167 976155 2233372 4570899 1592169 1092200 4788188 2716280 2454031 3698572 2415307 508441 446260 405073 3055763 4666068 5069534 1487188 3424890 5003203 3354146 1042811 3118006 1479607 687550 4275821 2329850 3336237 1144180 3219624 3376983 1029198 4689082 4261605 960402 897418 ];

