# config: "EMA:1.1.0-APPP,ID:listener03-l,SETUP:KK1,SOUNDDEVICE:USB,SOUNDSTREAM:0,SOUNDCHANNELS:1,2"
target=0.75;minreversals=14;discardreversals=4;minmeasures=25;startvalue=20.00;steps=[4  4  2  1];
threshold = [-3.50 ];
values = [20.00 16.00 12.00 8.00 8.00 4.00 4.00 4.00 0.00 0.00 -4.00 -8.00 -8.00 4.00 4.00 4.00 4.00 0.00 -2.00 -2.00 -2.00 -2.00 -2.00 -2.00 4.00 4.00 3.00 3.00 2.00 1.00 0.00 0.00 -1.00 -2.00 -3.00 -3.00 -4.00 -4.00 -4.00 -1.00 -1.00 -2.00 -2.00 -3.00 -3.00 -3.00 -3.00 -4.00 -4.00 -1.00 -2.00 -3.00 -4.00 -1.00 -2.00 -3.00 -4.00 -5.00 -6.00 -6.00 -6.00 -3.00 -3.00 -3.00 -3.00 -4.00 -4.00 -1.00 -2.00 -2.00 -2.00 -3.00 -4.00 -5.00 -6.00 -3.00 -3.00 -3.00 -4.00 ];
reversals = [0 0 0 0 0 0 0 0 0 0 0 0 1 0 0 0 -1 0 0 0 0 0 0 1 0 -1 0 0 0 0 0 0 0 0 0 0 0 0 1 0 -1 0 0 0 0 0 0 0 1 -1 0 0 1 -1 0 0 0 0 0 0 1 0 0 0 -1 0 1 -1 0 0 0 0 0 0 1 0 0 -1 0 ];
measures = [0 0 0 0 0 0 0 0 0 0 0 0 0 0 0 0 0 0 0 0 0 0 0 0 0 0 0 0 0 0 0 0 0 0 0 0 0 0 1 1 1 1 1 1 1 1 1 1 1 1 1 1 1 1 1 1 1 1 1 1 1 1 1 1 1 1 1 1 1 1 1 1 1 1 1 1 1 1 1 ];
presentations = [1 1 1 0 1 0 0 1 0 1 1 0 1 0 0 0 1 1 0 0 0 0 0 1 0 1 0 1 1 1 0 1 1 1 0 1 0 0 1 0 1 0 1 0 0 0 1 0 1 1 1 1 1 1 1 1 1 1 0 0 1 0 0 0 1 0 1 1 0 0 1 1 1 1 1 0 0 1 1 ];
answers = [1 1 1 0 1 0 0 1 0 1 1 0 0 0 0 0 1 1 0 0 0 0 0 0 0 1 0 1 1 1 0 1 1 1 0 1 0 0 0 0 1 0 1 0 0 0 1 0 0 1 1 1 0 1 1 1 1 1 0 0 0 0 0 0 1 0 0 1 0 0 1 1 1 1 0 0 0 1 1 ];
adjustments = [-4 -4 -4 0 -4 0 0 -4 0 -4 -4 0 12 0 0 0 -4 -2 0 0 0 0 0 6 0 -1 0 -1 -1 -1 0 -1 -1 -1 0 -1 0 0 3 0 -1 0 -1 0 0 0 -1 0 3 -1 -1 -1 3 -1 -1 -1 -1 -1 0 0 3 0 0 0 -1 0 3 -1 0 0 -1 -1 -1 -1 3 0 0 -1 -1 ];
offsets = [1246818 4700376 4258640 1459444 195193 4376152 3226785 5136060 893381 3263889 4139860 2512362 2602658 2568848 1814372 573836 4492583 785870 1516839 276340 1264888 4478834 3773954 599016 5190374 4452048 1566635 256439 2630590 1252920 419983 2305519 4420387 4942936 2455173 1416689 4965819 3638015 46432 1818986 850091 3137633 1255447 4338455 1047810 2667581 3674697 3876119 770343 1086319 4501699 4071848 4746238 280981 2973139 1457389 2388737 3679073 5141957 4178642 3952852 1106917 209400 3639887 5074445 2311508 1853971 1416453 158086 1155573 1433638 4976348 2946525 3178566 2030037 2211851 1778160 977961 4067336 ];

