# config: "EMA:1.1.0-APPP,ID:listener03-l,SETUP:KK1,SOUNDDEVICE:USB,SOUNDSTREAM:0,SOUNDCHANNELS:1,2"
target=0.75;minreversals=14;discardreversals=4;minmeasures=25;startvalue=20.00;steps=[4  4  2  1];
threshold = [-2.00 ];
values = [20.00 16.00 12.00 8.00 4.00 0.00 0.00 -4.00 -4.00 -4.00 8.00 8.00 4.00 2.00 0.00 0.00 -2.00 -4.00 -6.00 -6.00 0.00 0.00 0.00 -1.00 -1.00 -1.00 -1.00 -1.00 -1.00 -1.00 -1.00 -2.00 -3.00 -4.00 -5.00 -2.00 -3.00 -4.00 -1.00 -1.00 -1.00 -1.00 -1.00 -1.00 -2.00 1.00 1.00 0.00 0.00 -1.00 -2.00 1.00 1.00 1.00 1.00 1.00 0.00 0.00 0.00 0.00 -1.00 -2.00 -3.00 -4.00 -1.00 -1.00 -1.00 -2.00 -2.00 -2.00 -2.00 -2.00 -2.00 1.00 0.00 -1.00 -2.00 -3.00 -4.00 -4.00 -5.00 ];
reversals = [0 0 0 0 0 0 0 0 0 1 0 -1 0 0 0 0 0 0 0 1 0 0 -1 0 0 0 0 0 0 0 0 0 0 0 1 -1 0 1 0 0 0 0 0 -1 1 0 -1 0 0 0 1 0 0 0 0 -1 0 0 0 0 0 0 0 1 0 0 -1 0 0 0 0 0 1 -1 0 0 0 0 0 0 0 ];
measures = [0 0 0 0 0 0 0 0 0 0 0 0 0 0 0 0 0 0 0 0 0 0 0 0 0 0 0 0 0 0 0 0 0 0 1 1 1 1 1 1 1 1 1 1 1 1 1 1 1 1 1 1 1 1 1 1 1 1 1 1 1 1 1 1 1 1 1 1 1 1 1 1 1 1 1 1 1 1 1 1 1 ];
presentations = [1 1 1 1 1 0 1 0 0 1 0 1 1 1 0 1 1 1 0 1 0 0 1 0 0 0 0 0 0 0 1 1 1 1 1 1 1 1 0 0 0 0 0 1 1 0 1 0 1 1 1 0 0 0 0 1 0 0 0 1 1 1 1 1 0 0 1 0 0 0 0 0 1 1 1 1 1 1 0 1 1 ];
answers = [1 1 1 1 1 0 1 0 0 0 0 1 1 1 0 1 1 1 0 0 0 0 1 0 0 0 0 0 0 0 1 1 1 1 0 1 1 0 0 0 0 0 0 1 0 0 1 0 1 1 0 0 0 0 0 1 0 0 0 1 1 1 1 0 0 0 1 0 0 0 0 0 0 1 1 1 1 1 0 1 1 ];
adjustments = [-4 -4 -4 -4 -4 0 -4 0 0 12 0 -4 -2 -2 0 -2 -2 -2 0 6 0 0 -1 0 0 0 0 0 0 0 -1 -1 -1 -1 3 -1 -1 3 0 0 0 0 0 -1 3 0 -1 0 -1 -1 3 0 0 0 0 -1 0 0 0 -1 -1 -1 -1 3 0 0 -1 0 0 0 0 0 3 -1 -1 -1 -1 -1 0 -1 -1 ];
offsets = [3857603 476738 2776655 4522992 3413232 1313169 1791460 350307 1810453 2580893 2175073 4956283 2655299 4925862 4839313 2032610 4472867 3729747 600764 2956644 4161320 3027185 3513037 3338559 4317701 5247130 1543660 126349 903229 910110 3078444 937195 4844219 4241587 1209844 745541 2493821 1307622 4480854 1697856 4296527 645854 2943190 538299 1694603 3690362 4235948 488029 2495971 4974726 2111940 4303372 5189810 4811139 655165 1256764 3691864 704439 2877845 4097547 472872 3738550 2058084 3526906 760987 4852981 2340622 2321639 2031348 2325720 561055 1872184 920148 807103 4571709 4399764 1973898 4277042 2814323 1939429 1573942 ];

